model,checkpoint,ec,tax,split,n_generated,frac_terminated,frac_good,n_good,frac_enzymes,n_enzymes,average_accuracy_level,frac_ec_correct,n_ec_correct,ec_enrichment,frac_tax_mapped,frac_tax_correct,n_tax_correct,tax_enrichment,frac_both_correct,both_enrichment,avg_max_id,frac_70clusters,frac_90clusters,generated_ECs,both_count,avg_plddt,ec_count,tax_count,average_prediction_similarity,similarity_to_train
test-ec-onehot-uniref,ba63000,2.7.1.148,no-tax,train_common,900,0.6988888888888889,0.6977777777777778,628,1.0,628,4.0,1.0,628,297.20428015564204,,,,,1.0,,0.66428849044586,0.01751592356687898,0.839171974522293,"['2.7.1.148', '2.7.1.148', '2.7.1.148', '2.7.1.148', '2.7.1.148', '2.7.1.148', '2.7.1.148', '2.7.1.148', '2.7.1.148', '2.7.1.148', '2.7.1.148', '2.7.1.148', '2.7.1.148', '2.7.1.148', '2.7.1.148', '2.7.1.148', '2.7.1.148', '2.7.1.148', '2.7.1.148', '2.7.1.148', '2.7.1.148', '2.7.1.148', '2.7.1.148', '2.7.1.148', '2.7.1.148', '2.7.1.148', '2.7.1.148', '2.7.1.148', '2.7.1.148', '2.7.1.148', '2.7.1.148', '2.7.1.148', '2.7.1.148', '2.7.1.148', '2.7.1.148', '2.7.1.148', '2.7.1.148', '2.7.1.148', '2.7.1.148', '2.7.1.148', '2.7.1.148', '2.7.1.148', '2.7.1.148', '2.7.1.148', '2.7.1.148', '2.7.1.148', '2.7.1.148', '2.7.1.148', '2.7.1.148', '2.7.1.148', '2.7.1.148', '2.7.1.148', '2.7.1.148', '2.7.1.148', '2.7.1.148', '2.7.1.148', '2.7.1.148', '2.7.1.148', '2.7.1.148', '2.7.1.148', '2.7.1.148', '2.7.1.148', '2.7.1.148', '2.7.1.148', '2.7.1.148', '2.7.1.148', '2.7.1.148', '2.7.1.148', '2.7.1.148', '2.7.1.148', '2.7.1.148', '2.7.1.148', '2.7.1.148', '2.7.1.148', '2.7.1.148', '2.7.1.148', '2.7.1.148', '2.7.1.148', '2.7.1.148', '2.7.1.148', '2.7.1.148', '2.7.1.148', '2.7.1.148', '2.7.1.148', '2.7.1.148', '2.7.1.148', '2.7.1.148', '2.7.1.148', '2.7.1.148', '2.7.1.148', '2.7.1.148', '2.7.1.148', '2.7.1.148', '2.7.1.148', '2.7.1.148', '2.7.1.148', '2.7.1.148', '2.7.1.148', '2.7.1.148', '2.7.1.148', '2.7.1.148', '2.7.1.148', '2.7.1.148', '2.7.1.148', '2.7.1.148', '2.7.1.148', '2.7.1.148', '2.7.1.148', '2.7.1.148', '2.7.1.148', '2.7.1.148', '2.7.1.148', '2.7.1.148', '2.7.1.148', '2.7.1.148', '2.7.1.148', '2.7.1.148', '2.7.1.148', '2.7.1.148', '2.7.1.148', '2.7.1.148', '2.7.1.148', '2.7.1.148', '2.7.1.148', '2.7.1.148', '2.7.1.148', '2.7.1.148', '2.7.1.148', '2.7.1.148', '2.7.1.148', '2.7.1.148', '2.7.1.148', '2.7.1.148', '2.7.1.148', '2.7.1.148', '2.7.1.148', '2.7.1.148', '2.7.1.148', '2.7.1.148', '2.7.1.148', '2.7.1.148', '2.7.1.148', '2.7.1.148', '2.7.1.148', '2.7.1.148', '2.7.1.148', '2.7.1.148', '2.7.1.148', '2.7.1.148', '2.7.1.148', '2.7.1.148', '2.7.1.148', '2.7.1.148', '2.7.1.148', '2.7.1.148', '2.7.1.148', '2.7.1.148', '2.7.1.148', '2.7.1.148', '2.7.1.148', '2.7.1.148', '2.7.1.148', '2.7.1.148', '2.7.1.148', '2.7.1.148', '2.7.1.148', '2.7.1.148', '2.7.1.148', '2.7.1.148', '2.7.1.148', '2.7.1.148', '2.7.1.148', '2.7.1.148', '2.7.1.148', '2.7.1.148', '2.7.1.148', '2.7.1.148', '2.7.1.148', '2.7.1.148', '2.7.1.148', '2.7.1.148', '2.7.1.148', '2.7.1.148', '2.7.1.148', '2.7.1.148', '2.7.1.148', '2.7.1.148', '2.7.1.148', '2.7.1.148', '2.7.1.148', '2.7.1.148', '2.7.1.148', '2.7.1.148', '2.7.1.148', '2.7.1.148', '2.7.1.148', '2.7.1.148', '2.7.1.148', '2.7.1.148', '2.7.1.148', '2.7.1.148', '2.7.1.148', '2.7.1.148', '2.7.1.148', '2.7.1.148', '2.7.1.148', '2.7.1.148', '2.7.1.148', '2.7.1.148', '2.7.1.148', '2.7.1.148', '2.7.1.148', '2.7.1.148', '2.7.1.148', '2.7.1.148', '2.7.1.148', '2.7.1.148', '2.7.1.148', '2.7.1.148', '2.7.1.148', '2.7.1.148', '2.7.1.148', '2.7.1.148', '2.7.1.148', '2.7.1.148', '2.7.1.148', '2.7.1.148', '2.7.1.148', '2.7.1.148', '2.7.1.148', '2.7.1.148', '2.7.1.148', '2.7.1.148', '2.7.1.148', '2.7.1.148', '2.7.1.148', '2.7.1.148', '2.7.1.148', '2.7.1.148', '2.7.1.148', '2.7.1.148', '2.7.1.148', '2.7.1.148', '2.7.1.148', '2.7.1.148', '2.7.1.148', '2.7.1.148', '2.7.1.148', '2.7.1.148', '2.7.1.148', '2.7.1.148', '2.7.1.148', '2.7.1.148', '2.7.1.148', '2.7.1.148', '2.7.1.148', '2.7.1.148', '2.7.1.148', '2.7.1.148', '2.7.1.148', '2.7.1.148', '2.7.1.148', '2.7.1.148', '2.7.1.148', '2.7.1.148', '2.7.1.148', '2.7.1.148', '2.7.1.148', '2.7.1.148', '2.7.1.148', '2.7.1.148', '2.7.1.148', '2.7.1.148', '2.7.1.148', '2.7.1.148', '2.7.1.148', '2.7.1.148', '2.7.1.148', '2.7.1.148', '2.7.1.148', '2.7.1.148', '2.7.1.148', '2.7.1.148', '2.7.1.148', '2.7.1.148', '2.7.1.148', '2.7.1.148', '2.7.1.148', '2.7.1.148', '2.7.1.148', '2.7.1.148', '2.7.1.148', '2.7.1.148', '2.7.1.148', '2.7.1.148', '2.7.1.148', '2.7.1.148', '2.7.1.148', '2.7.1.148', '2.7.1.148', '2.7.1.148', '2.7.1.148', '2.7.1.148', '2.7.1.148', '2.7.1.148', '2.7.1.148', '2.7.1.148', '2.7.1.148', '2.7.1.148', '2.7.1.148', '2.7.1.148', '2.7.1.148', '2.7.1.148', '2.7.1.148', '2.7.1.148', '2.7.1.148', '2.7.1.148', '2.7.1.148', '2.7.1.148', '2.7.1.148', '2.7.1.148', '2.7.1.148', '2.7.1.148', '2.7.1.148', '2.7.1.148', '2.7.1.148', '2.7.1.148', '2.7.1.148', '2.7.1.148', '2.7.1.148', '2.7.1.148', '2.7.1.148', '2.7.1.148', '2.7.1.148', '2.7.1.148', '2.7.1.148', '2.7.1.148', '2.7.1.148', '2.7.1.148', '2.7.1.148', '2.7.1.148', '2.7.1.148', '2.7.1.148', '2.7.1.148', '2.7.1.148', '2.7.1.148', '2.7.1.148', '2.7.1.148', '2.7.1.148', '2.7.1.148', '2.7.1.148', '2.7.1.148', '2.7.1.148', '2.7.1.148', '2.7.1.148', '2.7.1.148', '2.7.1.148', '2.7.1.148', '2.7.1.148', '2.7.1.148', '2.7.1.148', '2.7.1.148', '2.7.1.148', '2.7.1.148', '2.7.1.148', '2.7.1.148', '2.7.1.148', '2.7.1.148', '2.7.1.148', '2.7.1.148', '2.7.1.148', '2.7.1.148', '2.7.1.148', '2.7.1.148', '2.7.1.148', '2.7.1.148', '2.7.1.148', '2.7.1.148', '2.7.1.148', '2.7.1.148', '2.7.1.148', '2.7.1.148', '2.7.1.148', '2.7.1.148', '2.7.1.148', '2.7.1.148', '2.7.1.148', '2.7.1.148', '2.7.1.148', '2.7.1.148', '2.7.1.148', '2.7.1.148', '2.7.1.148', '2.7.1.148', '2.7.1.148', '2.7.1.148', '2.7.1.148', '2.7.1.148', '2.7.1.148', '2.7.1.148', '2.7.1.148', '2.7.1.148', '2.7.1.148', '2.7.1.148', '2.7.1.148', '2.7.1.148', '2.7.1.148', '2.7.1.148', '2.7.1.148', '2.7.1.148', '2.7.1.148', '2.7.1.148', '2.7.1.148', '2.7.1.148', '2.7.1.148', '2.7.1.148', '2.7.1.148', '2.7.1.148', '2.7.1.148', '2.7.1.148', '2.7.1.148', '2.7.1.148', '2.7.1.148', '2.7.1.148', '2.7.1.148', '2.7.1.148', '2.7.1.148', '2.7.1.148', '2.7.1.148', '2.7.1.148', '2.7.1.148', '2.7.1.148', '2.7.1.148', '2.7.1.148', '2.7.1.148', '2.7.1.148', '2.7.1.148', '2.7.1.148', '2.7.1.148', '2.7.1.148', '2.7.1.148', '2.7.1.148', '2.7.1.148', '2.7.1.148', '2.7.1.148', '2.7.1.148', '2.7.1.148', '2.7.1.148', '2.7.1.148', '2.7.1.148', '2.7.1.148', '2.7.1.148', '2.7.1.148', '2.7.1.148', '2.7.1.148', '2.7.1.148', '2.7.1.148', '2.7.1.148', '2.7.1.148', '2.7.1.148', '2.7.1.148', '2.7.1.148', '2.7.1.148', '2.7.1.148', '2.7.1.148', '2.7.1.148', '2.7.1.148', '2.7.1.148', '2.7.1.148', '2.7.1.148', '2.7.1.148', '2.7.1.148', '2.7.1.148', '2.7.1.148', '2.7.1.148', '2.7.1.148', '2.7.1.148', '2.7.1.148', '2.7.1.148', '2.7.1.148', '2.7.1.148', '2.7.1.148', '2.7.1.148', '2.7.1.148', '2.7.1.148', '2.7.1.148', '2.7.1.148', '2.7.1.148', '2.7.1.148', '2.7.1.148', '2.7.1.148', '2.7.1.148', '2.7.1.148', '2.7.1.148', '2.7.1.148', '2.7.1.148', '2.7.1.148', '2.7.1.148', '2.7.1.148', '2.7.1.148', '2.7.1.148', '2.7.1.148', '2.7.1.148', '2.7.1.148', '2.7.1.148', '2.7.1.148', '2.7.1.148', '2.7.1.148', '2.7.1.148', '2.7.1.148', '2.7.1.148', '2.7.1.148', '2.7.1.148', '2.7.1.148', '2.7.1.148', '2.7.1.148', '2.7.1.148', '2.7.1.148', '2.7.1.148', '2.7.1.148', '2.7.1.148', '2.7.1.148', '2.7.1.148', '2.7.1.148', '2.7.1.148', '2.7.1.148', '2.7.1.148', '2.7.1.148', '2.7.1.148', '2.7.1.148', '2.7.1.148', '2.7.1.148', '2.7.1.148', '2.7.1.148', '2.7.1.148', '2.7.1.148', '2.7.1.148', '2.7.1.148', '2.7.1.148', '2.7.1.148', '2.7.1.148', '2.7.1.148', '2.7.1.148', '2.7.1.148', '2.7.1.148', '2.7.1.148', '2.7.1.148', '2.7.1.148', '2.7.1.148', '2.7.1.148', '2.7.1.148', '2.7.1.148', '2.7.1.148', '2.7.1.148', '2.7.1.148', '2.7.1.148', '2.7.1.148', '2.7.1.148', '2.7.1.148', '2.7.1.148', '2.7.1.148', '2.7.1.148', '2.7.1.148', '2.7.1.148', '2.7.1.148', '2.7.1.148', '2.7.1.148', '2.7.1.148', '2.7.1.148', '2.7.1.148', '2.7.1.148', '2.7.1.148', '2.7.1.148', '2.7.1.148', '2.7.1.148', '2.7.1.148', '2.7.1.148', '2.7.1.148', '2.7.1.148', '2.7.1.148', '2.7.1.148', '2.7.1.148', '2.7.1.148', '2.7.1.148', '2.7.1.148', '2.7.1.148', '2.7.1.148', '2.7.1.148', '2.7.1.148', '2.7.1.148', '2.7.1.148', '2.7.1.148', '2.7.1.148', '2.7.1.148', '2.7.1.148', '2.7.1.148', '2.7.1.148', '2.7.1.148', '2.7.1.148', '2.7.1.148', '2.7.1.148', '2.7.1.148', '2.7.1.148', '2.7.1.148', '2.7.1.148', '2.7.1.148', '2.7.1.148', '2.7.1.148', '2.7.1.148', '2.7.1.148', '2.7.1.148', '2.7.1.148', '2.7.1.148', '2.7.1.148', '2.7.1.148', '2.7.1.148', '2.7.1.148', '2.7.1.148', '2.7.1.148', '2.7.1.148', '2.7.1.148', '2.7.1.148', '2.7.1.148', '2.7.1.148', '2.7.1.148', '2.7.1.148', '2.7.1.148', '2.7.1.148']",,0.8442161065340043,514,,0.9999999403953552,0.9999999403953552
test-ec-onehot-uniref,ba63000,2.7.13.3,no-tax,train_common,900,0.20555555555555555,0.1288888888888889,116,0.646551724137931,75,3.68,0.9066666666666666,68,239.21436960276338,,,,,0.9066666666666666,,0.49927278666666663,0.6666666666666666,0.9066666666666666,"['2.7.13.3', '2.7.13.3', '2.7.13.3', '2.7.13.3', '2.7.13.3', '2.7.13.3', '2.7.13.3', '2.7.13.3', '2.7.13.3', '3.1.2.20', '2.7.13.3', '2.7.13.3', '2.7.13.3', '2.7.13.3', '2.7.13.3', '2.7.13.3', '2.7.13.3', '2.7.13.3', '2.7.13.3', '2.7.13.3', '2.7.13.3', '2.7.13.3', '2.7.13.3', '2.7.13.3', '2.7.13.3', '2.7.13.3', '2.7.13.3', '2.7.13.3', '2.7.13.3', '2.7.13.3', '2.7.13.3', '2.7.13.3', '3.1.4.46', '2.7.13.3', '2.7.13.3', '2.7.13.3', '7.1.1.-', '2.7.13.3', '2.7.13.3', '2.7.13.3', '2.7.13.3', '7.1.2.2', '2.7.13.3', '2.7.13.3', '2.7.13.3', '2.7.13.3', '2.7.13.3', '2.7.13.3', '3.1.4.-', '2.7.13.3', '3.2.1.21', '2.7.13.3', '2.7.13.3', '2.7.13.3', '2.7.13.3', '2.7.13.3', '2.7.13.3', '2.7.13.3', '2.7.13.3', '2.7.13.3; 3.1.3.-', '2.7.13.3', '2.7.13.3', '2.7.13.3', '2.7.13.3', '2.7.13.3', '2.7.13.3', '2.7.13.3', '2.7.13.3', '2.7.13.3', '2.7.13.3', '2.7.13.3', '2.7.13.3', '2.7.13.3', '2.7.13.3', '2.7.13.3']",,0.8073787759332096,579,,1.0,1.0
test-ec-onehot-uniref,ba63000,6.1.1.15,no-tax,train_common,900,0.9988888888888889,0.9988888888888889,899,1.0,899,4.0,1.0,899,290.97714285714284,,,,,1.0,,0.7935355884315904,0.0055617352614015575,0.06674082313681869,"['6.1.1.15', '6.1.1.15', '6.1.1.15', '6.1.1.15', '6.1.1.15', '6.1.1.15', '6.1.1.15', '6.1.1.15', '6.1.1.15', '6.1.1.15', '6.1.1.15', '6.1.1.15', '6.1.1.15', '6.1.1.15', '6.1.1.15', '6.1.1.15', '6.1.1.15', '6.1.1.15', '6.1.1.15', '6.1.1.15', '6.1.1.15', '6.1.1.15', '6.1.1.15', '6.1.1.15', '6.1.1.15', '6.1.1.15', '6.1.1.15', '6.1.1.15', '6.1.1.15', '6.1.1.15', '6.1.1.15', '6.1.1.15', '6.1.1.15', '6.1.1.15', '6.1.1.15', '6.1.1.15', '6.1.1.15', '6.1.1.15', '6.1.1.15', '6.1.1.15', '6.1.1.15', '6.1.1.15', '6.1.1.15', '6.1.1.15', '6.1.1.15', '6.1.1.15', '6.1.1.15', '6.1.1.15', '6.1.1.15', '6.1.1.15', '6.1.1.15', '6.1.1.15', '6.1.1.15', '6.1.1.15', '6.1.1.15', '6.1.1.15', '6.1.1.15', '6.1.1.15', '6.1.1.15', '6.1.1.15', '6.1.1.15', '6.1.1.15', '6.1.1.15', '6.1.1.15', '6.1.1.15', '6.1.1.15', '6.1.1.15', '6.1.1.15', '6.1.1.15', '6.1.1.15', '6.1.1.15', '6.1.1.15', '6.1.1.15', '6.1.1.15', '6.1.1.15', '6.1.1.15', '6.1.1.15', '6.1.1.15', '6.1.1.15', '6.1.1.15', '6.1.1.15', '6.1.1.15', '6.1.1.15', '6.1.1.15', '6.1.1.15', '6.1.1.15', '6.1.1.15', '6.1.1.15', '6.1.1.15', '6.1.1.15', '6.1.1.15', '6.1.1.15', '6.1.1.15', '6.1.1.15', '6.1.1.15', '6.1.1.15', '6.1.1.15', '6.1.1.15', '6.1.1.15', '6.1.1.15', '6.1.1.15', '6.1.1.15', '6.1.1.15', '6.1.1.15', '6.1.1.15', '6.1.1.15', '6.1.1.15', '6.1.1.15', '6.1.1.15', '6.1.1.15', '6.1.1.15', '6.1.1.15', '6.1.1.15', '6.1.1.15', '6.1.1.15', '6.1.1.15', '6.1.1.15', '6.1.1.15', '6.1.1.15', '6.1.1.15', '6.1.1.15', '6.1.1.15', '6.1.1.15', '6.1.1.15', '6.1.1.15', '6.1.1.15', '6.1.1.15', '6.1.1.15', '6.1.1.15', '6.1.1.15', '6.1.1.15', '6.1.1.15', '6.1.1.15', '6.1.1.15', '6.1.1.15', '6.1.1.15', '6.1.1.15', '6.1.1.15', '6.1.1.15', '6.1.1.15', '6.1.1.15', '6.1.1.15', '6.1.1.15', '6.1.1.15', '6.1.1.15', '6.1.1.15', '6.1.1.15', '6.1.1.15', '6.1.1.15', '6.1.1.15', '6.1.1.15', '6.1.1.15', '6.1.1.15', '6.1.1.15', '6.1.1.15', '6.1.1.15', '6.1.1.15', '6.1.1.15', '6.1.1.15', '6.1.1.15', '6.1.1.15', '6.1.1.15', '6.1.1.15', '6.1.1.15', '6.1.1.15', '6.1.1.15', '6.1.1.15', '6.1.1.15', '6.1.1.15', '6.1.1.15', '6.1.1.15', '6.1.1.15', '6.1.1.15', '6.1.1.15', '6.1.1.15', '6.1.1.15', '6.1.1.15', '6.1.1.15', '6.1.1.15', '6.1.1.15', '6.1.1.15', '6.1.1.15', '6.1.1.15', '6.1.1.15', '6.1.1.15', '6.1.1.15', '6.1.1.15', '6.1.1.15', '6.1.1.15', '6.1.1.15', '6.1.1.15', '6.1.1.15', '6.1.1.15', '6.1.1.15', '6.1.1.15', '6.1.1.15', '6.1.1.15', '6.1.1.15', '6.1.1.15', '6.1.1.15', '6.1.1.15', '6.1.1.15', '6.1.1.15', '6.1.1.15', '6.1.1.15', '6.1.1.15', '6.1.1.15', '6.1.1.15', '6.1.1.15', '6.1.1.15', '6.1.1.15', '6.1.1.15', '6.1.1.15', '6.1.1.15', '6.1.1.15', '6.1.1.15', '6.1.1.15', '6.1.1.15', '6.1.1.15', '6.1.1.15', '6.1.1.15', '6.1.1.15', '6.1.1.15', '6.1.1.15', '6.1.1.15', '6.1.1.15', '6.1.1.15', '6.1.1.15', '6.1.1.15', '6.1.1.15', '6.1.1.15', '6.1.1.15', '6.1.1.15', '6.1.1.15', '6.1.1.15', '6.1.1.15', '6.1.1.15', '6.1.1.15', '6.1.1.15', '6.1.1.15', '6.1.1.15', '6.1.1.15', '6.1.1.15', '6.1.1.15', '6.1.1.15', '6.1.1.15', '6.1.1.15', '6.1.1.15', '6.1.1.15', '6.1.1.15', '6.1.1.15', '6.1.1.15', '6.1.1.15', '6.1.1.15', '6.1.1.15', '6.1.1.15', '6.1.1.15', '6.1.1.15', '6.1.1.15', '6.1.1.15', '6.1.1.15', '6.1.1.15', '6.1.1.15', '6.1.1.15', '6.1.1.15', '6.1.1.15', '6.1.1.15', '6.1.1.15', '6.1.1.15', '6.1.1.15', '6.1.1.15', '6.1.1.15', '6.1.1.15', '6.1.1.15', '6.1.1.15', '6.1.1.15', '6.1.1.15', '6.1.1.15', '6.1.1.15', '6.1.1.15', '6.1.1.15', '6.1.1.15', '6.1.1.15', '6.1.1.15', '6.1.1.15', '6.1.1.15', '6.1.1.15', '6.1.1.15', '6.1.1.15', '6.1.1.15', '6.1.1.15', '6.1.1.15', '6.1.1.15', '6.1.1.15', '6.1.1.15', '6.1.1.15', '6.1.1.15', '6.1.1.15', '6.1.1.15', '6.1.1.15', '6.1.1.15', '6.1.1.15', '6.1.1.15', '6.1.1.15', '6.1.1.15', '6.1.1.15', '6.1.1.15', '6.1.1.15', '6.1.1.15', '6.1.1.15', '6.1.1.15', '6.1.1.15', '6.1.1.15', '6.1.1.15', '6.1.1.15', '6.1.1.15', '6.1.1.15', '6.1.1.15', '6.1.1.15', '6.1.1.15', '6.1.1.15', '6.1.1.15', '6.1.1.15', '6.1.1.15', '6.1.1.15', '6.1.1.15', '6.1.1.15', '6.1.1.15', '6.1.1.15', '6.1.1.15', '6.1.1.15', '6.1.1.15', '6.1.1.15', '6.1.1.15', '6.1.1.15', '6.1.1.15', '6.1.1.15', '6.1.1.15', '6.1.1.15', '6.1.1.15', '6.1.1.15', '6.1.1.15', '6.1.1.15', '6.1.1.15', '6.1.1.15', '6.1.1.15', '6.1.1.15', '6.1.1.15', '6.1.1.15', '6.1.1.15', '6.1.1.15', '6.1.1.15', '6.1.1.15', '6.1.1.15', '6.1.1.15', '6.1.1.15', '6.1.1.15', '6.1.1.15', '6.1.1.15', '6.1.1.15', '6.1.1.15', '6.1.1.15', '6.1.1.15', '6.1.1.15', '6.1.1.15', '6.1.1.15', '6.1.1.15', '6.1.1.15', '6.1.1.15', '6.1.1.15', '6.1.1.15', '6.1.1.15', '6.1.1.15', '6.1.1.15', '6.1.1.15', '6.1.1.15', '6.1.1.15', '6.1.1.15', '6.1.1.15', '6.1.1.15', '6.1.1.15', '6.1.1.15', '6.1.1.15', '6.1.1.15', '6.1.1.15', '6.1.1.15', '6.1.1.15', '6.1.1.15', '6.1.1.15', '6.1.1.15', '6.1.1.15', '6.1.1.15', '6.1.1.15', '6.1.1.15', '6.1.1.15', '6.1.1.15', '6.1.1.15', '6.1.1.15', '6.1.1.15', '6.1.1.15', '6.1.1.15', '6.1.1.15', '6.1.1.15', '6.1.1.15', '6.1.1.15', '6.1.1.15', '6.1.1.15', '6.1.1.15', '6.1.1.15', '6.1.1.15', '6.1.1.15', '6.1.1.15', '6.1.1.15', '6.1.1.15', '6.1.1.15', '6.1.1.15', '6.1.1.15', '6.1.1.15', '6.1.1.15', '6.1.1.15', '6.1.1.15', '6.1.1.15', '6.1.1.15', '6.1.1.15', '6.1.1.15', '6.1.1.15', '6.1.1.15', '6.1.1.15', '6.1.1.15', '6.1.1.15', '6.1.1.15', '6.1.1.15', '6.1.1.15', '6.1.1.15', '6.1.1.15', '6.1.1.15', '6.1.1.15', '6.1.1.15', '6.1.1.15', '6.1.1.15', '6.1.1.15', '6.1.1.15', '6.1.1.15', '6.1.1.15', '6.1.1.15', '6.1.1.15', '6.1.1.15', '6.1.1.15', '6.1.1.15', '6.1.1.15', '6.1.1.15', '6.1.1.15', '6.1.1.15', '6.1.1.15', '6.1.1.15', '6.1.1.15', '6.1.1.15', '6.1.1.15', '6.1.1.15', '6.1.1.15', '6.1.1.15', '6.1.1.15', '6.1.1.15', '6.1.1.15', '6.1.1.15', '6.1.1.15', '6.1.1.15', '6.1.1.15', '6.1.1.15', '6.1.1.15', '6.1.1.15', '6.1.1.15', '6.1.1.15', '6.1.1.15', '6.1.1.15', '6.1.1.15', '6.1.1.15', '6.1.1.15', '6.1.1.15', '6.1.1.15', '6.1.1.15', '6.1.1.15', '6.1.1.15', '6.1.1.15', '6.1.1.15', '6.1.1.15', '6.1.1.15', '6.1.1.15', '6.1.1.15', '6.1.1.15', '6.1.1.15', '6.1.1.15', '6.1.1.15', '6.1.1.15', '6.1.1.15', '6.1.1.15', '6.1.1.15', '6.1.1.15', '6.1.1.15', '6.1.1.15', '6.1.1.15', '6.1.1.15', '6.1.1.15', '6.1.1.15', '6.1.1.15', '6.1.1.15', '6.1.1.15', '6.1.1.15', '6.1.1.15', '6.1.1.15', '6.1.1.15', '6.1.1.15', '6.1.1.15', '6.1.1.15', '6.1.1.15', '6.1.1.15', '6.1.1.15', '6.1.1.15', '6.1.1.15', '6.1.1.15', '6.1.1.15', '6.1.1.15', '6.1.1.15', '6.1.1.15', '6.1.1.15', '6.1.1.15', '6.1.1.15', '6.1.1.15', '6.1.1.15', '6.1.1.15', '6.1.1.15', '6.1.1.15', '6.1.1.15', '6.1.1.15', '6.1.1.15', '6.1.1.15', '6.1.1.15', '6.1.1.15', '6.1.1.15', '6.1.1.15', '6.1.1.15', '6.1.1.15', '6.1.1.15', '6.1.1.15', '6.1.1.15', '6.1.1.15', '6.1.1.15', '6.1.1.15', '6.1.1.15', '6.1.1.15', '6.1.1.15', '6.1.1.15', '6.1.1.15', '6.1.1.15', '6.1.1.15', '6.1.1.15', '6.1.1.15', '6.1.1.15', '6.1.1.15', '6.1.1.15', '6.1.1.15', '6.1.1.15', '6.1.1.15', '6.1.1.15', '6.1.1.15', '6.1.1.15', '6.1.1.15', '6.1.1.15', '6.1.1.15', '6.1.1.15', '6.1.1.15', '6.1.1.15', '6.1.1.15', '6.1.1.15', '6.1.1.15', '6.1.1.15', '6.1.1.15', '6.1.1.15', '6.1.1.15', '6.1.1.15', '6.1.1.15', '6.1.1.15', '6.1.1.15', '6.1.1.15', '6.1.1.15', '6.1.1.15', '6.1.1.15', '6.1.1.15', '6.1.1.15', '6.1.1.15', '6.1.1.15', '6.1.1.15', '6.1.1.15', '6.1.1.15', '6.1.1.15', '6.1.1.15', '6.1.1.15', '6.1.1.15', '6.1.1.15', '6.1.1.15', '6.1.1.15', '6.1.1.15', '6.1.1.15', '6.1.1.15', '6.1.1.15', '6.1.1.15', '6.1.1.15', '6.1.1.15', '6.1.1.15', '6.1.1.15', '6.1.1.15', '6.1.1.15', '6.1.1.15', '6.1.1.15', '6.1.1.15', '6.1.1.15', '6.1.1.15', '6.1.1.15', '6.1.1.15', '6.1.1.15', '6.1.1.15', '6.1.1.15', '6.1.1.15', '6.1.1.15', '6.1.1.15', '6.1.1.15', '6.1.1.15', '6.1.1.15', '6.1.1.15', '6.1.1.15', '6.1.1.15', '6.1.1.15', '6.1.1.15', '6.1.1.15', '6.1.1.15', '6.1.1.15', '6.1.1.15', '6.1.1.15', '6.1.1.15', '6.1.1.15', '6.1.1.15', '6.1.1.15', '6.1.1.15', '6.1.1.15', '6.1.1.15', '6.1.1.15', '6.1.1.15', '6.1.1.15', '6.1.1.15', '6.1.1.15', '6.1.1.15', '6.1.1.15', '6.1.1.15', '6.1.1.15', '6.1.1.15', '6.1.1.15', '6.1.1.15', '6.1.1.15', '6.1.1.15', '6.1.1.15', '6.1.1.15', '6.1.1.15', '6.1.1.15', '6.1.1.15', '6.1.1.15', '6.1.1.15', '6.1.1.15', '6.1.1.15', '6.1.1.15', '6.1.1.15', '6.1.1.15', '6.1.1.15', '6.1.1.15', '6.1.1.15', '6.1.1.15', '6.1.1.15', '6.1.1.15', '6.1.1.15', '6.1.1.15', '6.1.1.15', '6.1.1.15', '6.1.1.15', '6.1.1.15', '6.1.1.15', '6.1.1.15', '6.1.1.15', '6.1.1.15', '6.1.1.15', '6.1.1.15', '6.1.1.15', '6.1.1.15', '6.1.1.15', '6.1.1.15', '6.1.1.15', '6.1.1.15', '6.1.1.15', '6.1.1.15', '6.1.1.15', '6.1.1.15', '6.1.1.15', '6.1.1.15', '6.1.1.15', '6.1.1.15', '6.1.1.15', '6.1.1.15', '6.1.1.15', '6.1.1.15', '6.1.1.15', '6.1.1.15', '6.1.1.15', '6.1.1.15', '6.1.1.15', '6.1.1.15', '6.1.1.15', '6.1.1.15', '6.1.1.15', '6.1.1.15', '6.1.1.15', '6.1.1.15', '6.1.1.15', '6.1.1.15', '6.1.1.15', '6.1.1.15', '6.1.1.15', '6.1.1.15', '6.1.1.15', '6.1.1.15', '6.1.1.15', '6.1.1.15', '6.1.1.15', '6.1.1.15', '6.1.1.15', '6.1.1.15', '6.1.1.15', '6.1.1.15', '6.1.1.15', '6.1.1.15', '6.1.1.15', '6.1.1.15', '6.1.1.15', '6.1.1.15', '6.1.1.15', '6.1.1.15', '6.1.1.15', '6.1.1.15', '6.1.1.15', '6.1.1.15', '6.1.1.15', '6.1.1.15', '6.1.1.15', '6.1.1.15', '6.1.1.15', '6.1.1.15', '6.1.1.15', '6.1.1.15', '6.1.1.15', '6.1.1.15', '6.1.1.15', '6.1.1.15', '6.1.1.15', '6.1.1.15', '6.1.1.15', '6.1.1.15', '6.1.1.15', '6.1.1.15', '6.1.1.15', '6.1.1.15', '6.1.1.15', '6.1.1.15', '6.1.1.15', '6.1.1.15', '6.1.1.15', '6.1.1.15', '6.1.1.15', '6.1.1.15', '6.1.1.15', '6.1.1.15', '6.1.1.15', '6.1.1.15', '6.1.1.15', '6.1.1.15', '6.1.1.15', '6.1.1.15', '6.1.1.15', '6.1.1.15', '6.1.1.15', '6.1.1.15', '6.1.1.15', '6.1.1.15', '6.1.1.15', '6.1.1.15', '6.1.1.15', '6.1.1.15', '6.1.1.15', '6.1.1.15', '6.1.1.15', '6.1.1.15', '6.1.1.15', '6.1.1.15', '6.1.1.15', '6.1.1.15', '6.1.1.15', '6.1.1.15', '6.1.1.15', '6.1.1.15', '6.1.1.15', '6.1.1.15', '6.1.1.15', '6.1.1.15', '6.1.1.15', '6.1.1.15', '6.1.1.15', '6.1.1.15', '6.1.1.15', '6.1.1.15', '6.1.1.15', '6.1.1.15', '6.1.1.15', '6.1.1.15', '6.1.1.15', '6.1.1.15', '6.1.1.15', '6.1.1.15', '6.1.1.15', '6.1.1.15', '6.1.1.15', '6.1.1.15', '6.1.1.15', '6.1.1.15', '6.1.1.15', '6.1.1.15', '6.1.1.15', '6.1.1.15', '6.1.1.15', '6.1.1.15', '6.1.1.15', '6.1.1.15', '6.1.1.15', '6.1.1.15', '6.1.1.15', '6.1.1.15', '6.1.1.15', '6.1.1.15', '6.1.1.15', '6.1.1.15', '6.1.1.15', '6.1.1.15', '6.1.1.15', '6.1.1.15', '6.1.1.15', '6.1.1.15', '6.1.1.15', '6.1.1.15', '6.1.1.15', '6.1.1.15', '6.1.1.15', '6.1.1.15', '6.1.1.15', '6.1.1.15', '6.1.1.15', '6.1.1.15', '6.1.1.15', '6.1.1.15', '6.1.1.15', '6.1.1.15', '6.1.1.15', '6.1.1.15', '6.1.1.15', '6.1.1.15', '6.1.1.15', '6.1.1.15', '6.1.1.15', '6.1.1.15', '6.1.1.15', '6.1.1.15', '6.1.1.15', '6.1.1.15', '6.1.1.15', '6.1.1.15', '6.1.1.15', '6.1.1.15', '6.1.1.15', '6.1.1.15', '6.1.1.15', '6.1.1.15', '6.1.1.15', '6.1.1.15', '6.1.1.15', '6.1.1.15', '6.1.1.15', '6.1.1.15', '6.1.1.15', '6.1.1.15', '6.1.1.15', '6.1.1.15', '6.1.1.15', '6.1.1.15', '6.1.1.15', '6.1.1.15']",,0.7932611012458801,525,,1.000000238418579,1.000000238418579
test-ec-onehot-uniref,ba63000,1.2.1.70,no-tax,train_common,900,0.5688888888888889,0.5688888888888889,512,1.0,512,4.0,1.0,512,272.3048128342246,,,,,1.0,,0.72191590625,0.017578125,0.7890625,"['1.2.1.70', '1.2.1.70', '1.2.1.70', '1.2.1.70', '1.2.1.70', '1.2.1.70', '1.2.1.70', '1.2.1.70', '1.2.1.70', '1.2.1.70', '1.2.1.70', '1.2.1.70', '1.2.1.70', '1.2.1.70', '1.2.1.70', '1.2.1.70', '1.2.1.70', '1.2.1.70', '1.2.1.70', '1.2.1.70', '1.2.1.70', '1.2.1.70', '1.2.1.70', '1.2.1.70', '1.2.1.70', '1.2.1.70', '1.2.1.70', '1.2.1.70', '1.2.1.70', '1.2.1.70', '1.2.1.70', '1.2.1.70', '1.2.1.70', '1.2.1.70', '1.2.1.70', '1.2.1.70', '1.2.1.70', '1.2.1.70', '1.2.1.70', '1.2.1.70', '1.2.1.70', '1.2.1.70', '1.2.1.70', '1.2.1.70', '1.2.1.70', '1.2.1.70', '1.2.1.70', '1.2.1.70', '1.2.1.70', '1.2.1.70', '1.2.1.70', '1.2.1.70', '1.2.1.70', '1.2.1.70', '1.2.1.70', '1.2.1.70', '1.2.1.70', '1.2.1.70', '1.2.1.70', '1.2.1.70', '1.2.1.70', '1.2.1.70', '1.2.1.70', '1.2.1.70', '1.2.1.70', '1.2.1.70', '1.2.1.70', '1.2.1.70', '1.2.1.70', '1.2.1.70', '1.2.1.70', '1.2.1.70', '1.2.1.70', '1.2.1.70', '1.2.1.70', '1.2.1.70', '1.2.1.70', '1.2.1.70', '1.2.1.70', '1.2.1.70', '1.2.1.70', '1.2.1.70', '1.2.1.70', '1.2.1.70', '1.2.1.70', '1.2.1.70', '1.2.1.70', '1.2.1.70', '1.2.1.70', '1.2.1.70', '1.2.1.70', '1.2.1.70', '1.2.1.70', '1.2.1.70', '1.2.1.70', '1.2.1.70', '1.2.1.70', '1.2.1.70', '1.2.1.70', '1.2.1.70', '1.2.1.70', '1.2.1.70', '1.2.1.70', '1.2.1.70', '1.2.1.70', '1.2.1.70', '1.2.1.70', '1.2.1.70', '1.2.1.70', '1.2.1.70', '1.2.1.70', '1.2.1.70', '1.2.1.70', '1.2.1.70', '1.2.1.70', '1.2.1.70', '1.2.1.70', '1.2.1.70', '1.2.1.70', '1.2.1.70', '1.2.1.70', '1.2.1.70', '1.2.1.70', '1.2.1.70', '1.2.1.70', '1.2.1.70', '1.2.1.70', '1.2.1.70', '1.2.1.70', '1.2.1.70', '1.2.1.70', '1.2.1.70', '1.2.1.70', '1.2.1.70', '1.2.1.70', '1.2.1.70', '1.2.1.70', '1.2.1.70', '1.2.1.70', '1.2.1.70', '1.2.1.70', '1.2.1.70', '1.2.1.70', '1.2.1.70', '1.2.1.70', '1.2.1.70', '1.2.1.70', '1.2.1.70', '1.2.1.70', '1.2.1.70', '1.2.1.70', '1.2.1.70', '1.2.1.70', '1.2.1.70', '1.2.1.70', '1.2.1.70', '1.2.1.70', '1.2.1.70', '1.2.1.70', '1.2.1.70', '1.2.1.70', '1.2.1.70', '1.2.1.70', '1.2.1.70', '1.2.1.70', '1.2.1.70', '1.2.1.70', '1.2.1.70', '1.2.1.70', '1.2.1.70', '1.2.1.70', '1.2.1.70', '1.2.1.70', '1.2.1.70', '1.2.1.70', '1.2.1.70', '1.2.1.70', '1.2.1.70', '1.2.1.70', '1.2.1.70', '1.2.1.70', '1.2.1.70', '1.2.1.70', '1.2.1.70', '1.2.1.70', '1.2.1.70', '1.2.1.70', '1.2.1.70', '1.2.1.70', '1.2.1.70', '1.2.1.70', '1.2.1.70', '1.2.1.70', '1.2.1.70', '1.2.1.70', '1.2.1.70', '1.2.1.70', '1.2.1.70', '1.2.1.70', '1.2.1.70', '1.2.1.70', '1.2.1.70', '1.2.1.70', '1.2.1.70', '1.2.1.70', '1.2.1.70', '1.2.1.70', '1.2.1.70', '1.2.1.70', '1.2.1.70', '1.2.1.70', '1.2.1.70', '1.2.1.70', '1.2.1.70', '1.2.1.70', '1.2.1.70', '1.2.1.70', '1.2.1.70', '1.2.1.70', '1.2.1.70', '1.2.1.70', '1.2.1.70', '1.2.1.70', '1.2.1.70', '1.2.1.70', '1.2.1.70', '1.2.1.70', '1.2.1.70', '1.2.1.70', '1.2.1.70', '1.2.1.70', '1.2.1.70', '1.2.1.70', '1.2.1.70', '1.2.1.70', '1.2.1.70', '1.2.1.70', '1.2.1.70', '1.2.1.70', '1.2.1.70', '1.2.1.70', '1.2.1.70', '1.2.1.70', '1.2.1.70', '1.2.1.70', '1.2.1.70', '1.2.1.70', '1.2.1.70', '1.2.1.70', '1.2.1.70', '1.2.1.70', '1.2.1.70', '1.2.1.70', '1.2.1.70', '1.2.1.70', '1.2.1.70', '1.2.1.70', '1.2.1.70', '1.2.1.70', '1.2.1.70', '1.2.1.70', '1.2.1.70', '1.2.1.70', '1.2.1.70', '1.2.1.70', '1.2.1.70', '1.2.1.70', '1.2.1.70', '1.2.1.70', '1.2.1.70', '1.2.1.70', '1.2.1.70', '1.2.1.70', '1.2.1.70', '1.2.1.70', '1.2.1.70', '1.2.1.70', '1.2.1.70', '1.2.1.70', '1.2.1.70', '1.2.1.70', '1.2.1.70', '1.2.1.70', '1.2.1.70', '1.2.1.70', '1.2.1.70', '1.2.1.70', '1.2.1.70', '1.2.1.70', '1.2.1.70', '1.2.1.70', '1.2.1.70', '1.2.1.70', '1.2.1.70', '1.2.1.70', '1.2.1.70', '1.2.1.70', '1.2.1.70', '1.2.1.70', '1.2.1.70', '1.2.1.70', '1.2.1.70', '1.2.1.70', '1.2.1.70', '1.2.1.70', '1.2.1.70', '1.2.1.70', '1.2.1.70', '1.2.1.70', '1.2.1.70', '1.2.1.70', '1.2.1.70', '1.2.1.70', '1.2.1.70', '1.2.1.70', '1.2.1.70', '1.2.1.70', '1.2.1.70', '1.2.1.70', '1.2.1.70', '1.2.1.70', '1.2.1.70', '1.2.1.70', '1.2.1.70', '1.2.1.70', '1.2.1.70', '1.2.1.70', '1.2.1.70', '1.2.1.70', '1.2.1.70', '1.2.1.70', '1.2.1.70', '1.2.1.70', '1.2.1.70', '1.2.1.70', '1.2.1.70', '1.2.1.70', '1.2.1.70', '1.2.1.70', '1.2.1.70', '1.2.1.70', '1.2.1.70', '1.2.1.70', '1.2.1.70', '1.2.1.70', '1.2.1.70', '1.2.1.70', '1.2.1.70', '1.2.1.70', '1.2.1.70', '1.2.1.70', '1.2.1.70', '1.2.1.70', '1.2.1.70', '1.2.1.70', '1.2.1.70', '1.2.1.70', '1.2.1.70', '1.2.1.70', '1.2.1.70', '1.2.1.70', '1.2.1.70', '1.2.1.70', '1.2.1.70', '1.2.1.70', '1.2.1.70', '1.2.1.70', '1.2.1.70', '1.2.1.70', '1.2.1.70', '1.2.1.70', '1.2.1.70', '1.2.1.70', '1.2.1.70', '1.2.1.70', '1.2.1.70', '1.2.1.70', '1.2.1.70', '1.2.1.70', '1.2.1.70', '1.2.1.70', '1.2.1.70', '1.2.1.70', '1.2.1.70', '1.2.1.70', '1.2.1.70', '1.2.1.70', '1.2.1.70', '1.2.1.70', '1.2.1.70', '1.2.1.70', '1.2.1.70', '1.2.1.70', '1.2.1.70', '1.2.1.70', '1.2.1.70', '1.2.1.70', '1.2.1.70', '1.2.1.70', '1.2.1.70', '1.2.1.70', '1.2.1.70', '1.2.1.70', '1.2.1.70', '1.2.1.70', '1.2.1.70', '1.2.1.70', '1.2.1.70', '1.2.1.70', '1.2.1.70', '1.2.1.70', '1.2.1.70', '1.2.1.70', '1.2.1.70', '1.2.1.70', '1.2.1.70', '1.2.1.70', '1.2.1.70', '1.2.1.70', '1.2.1.70', '1.2.1.70', '1.2.1.70', '1.2.1.70', '1.2.1.70', '1.2.1.70', '1.2.1.70', '1.2.1.70', '1.2.1.70', '1.2.1.70', '1.2.1.70', '1.2.1.70', '1.2.1.70', '1.2.1.70', '1.2.1.70', '1.2.1.70', '1.2.1.70', '1.2.1.70', '1.2.1.70', '1.2.1.70', '1.2.1.70', '1.2.1.70', '1.2.1.70', '1.2.1.70', '1.2.1.70', '1.2.1.70', '1.2.1.70', '1.2.1.70', '1.2.1.70', '1.2.1.70', '1.2.1.70', '1.2.1.70', '1.2.1.70', '1.2.1.70', '1.2.1.70', '1.2.1.70', '1.2.1.70', '1.2.1.70', '1.2.1.70', '1.2.1.70', '1.2.1.70', '1.2.1.70', '1.2.1.70', '1.2.1.70', '1.2.1.70', '1.2.1.70', '1.2.1.70', '1.2.1.70', '1.2.1.70', '1.2.1.70', '1.2.1.70', '1.2.1.70', '1.2.1.70', '1.2.1.70', '1.2.1.70', '1.2.1.70', '1.2.1.70', '1.2.1.70', '1.2.1.70', '1.2.1.70', '1.2.1.70', '1.2.1.70', '1.2.1.70', '1.2.1.70', '1.2.1.70', '1.2.1.70', '1.2.1.70', '1.2.1.70', '1.2.1.70', '1.2.1.70', '1.2.1.70', '1.2.1.70', '1.2.1.70', '1.2.1.70', '1.2.1.70', '1.2.1.70', '1.2.1.70', '1.2.1.70', '1.2.1.70', '1.2.1.70', '1.2.1.70', '1.2.1.70', '1.2.1.70', '1.2.1.70', '1.2.1.70', '1.2.1.70', '1.2.1.70', '1.2.1.70', '1.2.1.70', '1.2.1.70', '1.2.1.70', '1.2.1.70', '1.2.1.70']",,0.8263764190673828,561,,1.0000001192092896,1.0000001192092896
test-ec-onehot-uniref,ba63000,2.5.1.75,no-tax,train_common,900,0.9422222222222222,0.9366666666666666,843,1.0,843,3.98220640569395,0.9952550415183867,839,234.62676837573042,,,,,0.9952550415183867,,0.6547039822064058,0.036773428232502965,0.6702253855278766,"['2.5.1.75', '2.5.1.75', '2.5.1.75', '2.5.1.75', '2.5.1.75', '2.5.1.75', '2.5.1.75', '2.5.1.75', '2.5.1.75', '2.5.1.75', '2.5.1.75', '2.5.1.75', '2.5.1.75', '2.5.1.75', '2.5.1.75', '2.5.1.75', '2.5.1.75', '2.5.1.75', '2.5.1.75', '2.5.1.75', '2.5.1.75', '2.5.1.75', '2.5.1.75', '2.5.1.75', '2.5.1.75', '2.5.1.75', '2.5.1.75', '2.5.1.75', '2.5.1.75', '2.5.1.75', '2.5.1.75', '2.5.1.75', '2.5.1.75', '2.5.1.75', '2.5.1.75', '2.5.1.75', '2.5.1.75', '2.5.1.75', '2.5.1.75', '2.5.1.75', '2.5.1.75', '2.5.1.75', '2.5.1.75', '2.5.1.75', '2.5.1.75', '2.5.1.75', '2.5.1.75', '2.5.1.75', '2.5.1.75', '2.5.1.75', '2.5.1.75', '2.5.1.75', '2.5.1.75', '2.5.1.75', '2.5.1.75', '2.5.1.75', '2.5.1.75', '2.5.1.75', '2.5.1.75', '2.5.1.75', '2.5.1.75', '2.5.1.75', '2.5.1.75', '2.5.1.75', '2.5.1.75', '2.5.1.75', '2.5.1.75', '2.5.1.75', '2.5.1.75', '2.5.1.75', '2.5.1.75', '2.5.1.75', '2.5.1.75', '2.5.1.75', '2.5.1.75', '2.5.1.75', '2.5.1.75', '2.5.1.75', '2.5.1.75', '2.5.1.75', '2.5.1.75', '2.5.1.75', '2.5.1.75', '2.5.1.75', '2.5.1.75', '2.5.1.75', '2.5.1.75', '2.5.1.75', '2.5.1.75', '2.5.1.75', '2.5.1.75', '2.5.1.75', '2.5.1.75', '2.5.1.75', '2.5.1.75', '2.5.1.75', '2.5.1.75', '2.5.1.75', '2.5.1.75', '2.5.1.75', '2.5.1.75', '2.5.1.75', '2.5.1.75', '2.5.1.75', '1.3.1.54', '2.5.1.75', '2.5.1.75', '2.5.1.75', '2.5.1.75', '2.5.1.75', '2.5.1.75', '2.5.1.75', '2.5.1.75', '2.5.1.75', '2.5.1.75', '2.5.1.75', '2.5.1.75', '2.5.1.75', '2.5.1.75', '2.5.1.75', '2.5.1.75', '2.5.1.75', '2.5.1.75', '2.5.1.75', '2.5.1.75', '2.5.1.75', '2.5.1.75', '2.5.1.75', '2.5.1.75', '2.5.1.75', '2.5.1.75', '2.5.1.75', '2.5.1.75', '2.5.1.75', '2.5.1.75', '2.5.1.75', '2.5.1.75', '2.5.1.75', '2.5.1.75', '2.5.1.75', '2.5.1.75', '2.5.1.75', '2.5.1.75', '2.5.1.75', '2.5.1.75', '2.5.1.75', '2.5.1.75', '2.5.1.75', '2.5.1.75', '2.5.1.75', '2.5.1.75', '2.5.1.75', '2.5.1.75', '2.5.1.75', '2.5.1.75', '2.5.1.75', '2.5.1.75', '2.5.1.75', '2.5.1.75', '2.5.1.75', '2.5.1.75', '2.5.1.75', '2.5.1.75', '2.5.1.75', '2.5.1.75', '2.5.1.75', '2.5.1.75', '2.5.1.75', '2.5.1.75', '2.5.1.75', '2.5.1.75', '2.5.1.75', '2.5.1.75', '2.5.1.75', '2.5.1.75', '2.5.1.75', '2.5.1.75', '2.5.1.75', '2.5.1.75', '2.5.1.75', '2.5.1.75', '2.5.1.75', '2.5.1.75', '2.5.1.75', '2.5.1.75', '2.5.1.75', '2.5.1.75', '2.5.1.75', '2.5.1.75', '2.5.1.75', '2.5.1.75', '2.5.1.75', '2.5.1.75', '2.5.1.75', '2.5.1.75', '2.5.1.75', '2.5.1.75', '2.5.1.75', '2.5.1.75', '2.5.1.75', '2.5.1.75', '2.5.1.75', '2.5.1.75', '2.5.1.75', '2.5.1.75', '2.5.1.75', '2.5.1.75', '2.5.1.75', '2.5.1.75', '2.5.1.75', '2.5.1.75', '2.5.1.75', '2.5.1.75', '2.5.1.75', '2.5.1.75', '2.5.1.75', '2.5.1.75', '2.5.1.75', '2.5.1.75', '2.5.1.75', '2.5.1.75', '2.5.1.75', '2.5.1.75', '2.5.1.75', '2.5.1.75', '2.5.1.75', '2.5.1.75', '2.5.1.75', '2.5.1.75', '2.5.1.75', '2.5.1.75', '2.5.1.75', '2.5.1.75', '2.5.1.75', '2.5.1.75', '2.5.1.75', '2.5.1.75', '2.5.1.75', '2.5.1.75', '2.5.1.75', '2.5.1.75', '2.5.1.75', '2.5.1.75', '2.5.1.75', '2.5.1.75', '2.5.1.75', '2.5.1.75', '2.5.1.75', '2.5.1.75', '2.5.1.75', '2.5.1.75', '2.5.1.75', '2.5.1.75', '2.5.1.75', '2.5.1.75', '2.5.1.75', '2.5.1.75', '2.5.1.75', '2.5.1.75', '2.5.1.75', '2.5.1.75', '2.5.1.75', '2.5.1.75', '2.5.1.75', '2.5.1.75', '1.3.1.106', '2.5.1.75', '2.5.1.75', '2.5.1.75', '2.5.1.75', '2.5.1.75', '2.5.1.75', '2.5.1.75', '2.5.1.75', '2.5.1.75', '2.5.1.75', '2.5.1.75', '2.5.1.75', '2.5.1.75', '2.5.1.75', '2.5.1.75', '2.5.1.75', '2.5.1.75', '2.5.1.75', '2.5.1.75', '2.5.1.75', '2.5.1.75', '2.5.1.75', '2.5.1.75', '2.5.1.75', '2.5.1.75', '2.5.1.75', '2.5.1.75', '2.5.1.75', '2.5.1.75', '2.5.1.75', '2.5.1.75', '2.5.1.75', '2.5.1.75', '2.5.1.75', '2.5.1.75', '2.5.1.75', '2.5.1.75', '2.5.1.75', '2.5.1.75', '2.5.1.75', '2.5.1.75', '2.5.1.75', '2.5.1.75', '2.5.1.75', '2.5.1.75', '2.5.1.75', '2.5.1.75', '2.5.1.75', '2.5.1.75', '2.5.1.75', '2.5.1.75', '2.5.1.75', '2.5.1.75', '2.5.1.75', '2.5.1.75', '2.5.1.75', '2.5.1.75', '2.5.1.75', '2.5.1.75', '2.5.1.75', '2.5.1.75', '2.5.1.75', '2.5.1.75', '2.5.1.75', '2.5.1.75', '2.5.1.75', '2.5.1.75', '2.5.1.75', '2.5.1.75', '2.5.1.75', '2.5.1.75', '2.5.1.75', '2.5.1.75', '2.5.1.75', '2.5.1.75', '2.5.1.75', '2.5.1.75', '2.5.1.75', '2.5.1.75', '2.5.1.75', '2.5.1.75', '2.5.1.75', '2.5.1.75', '2.5.1.75', '2.5.1.75', '2.5.1.75', '2.5.1.75', '2.5.1.75', '2.5.1.75', '2.5.1.75', '2.5.1.75', '2.5.1.75', '2.5.1.75', '2.5.1.75', '2.5.1.75', '2.5.1.75', '2.5.1.75', '2.5.1.75', '2.5.1.75', '2.5.1.75', '2.5.1.75', '2.5.1.75', '2.5.1.75', '2.5.1.75', '2.5.1.75', '2.5.1.75', '2.5.1.75', '2.5.1.75', '2.5.1.75', '2.5.1.75', '2.5.1.75', '2.5.1.75', '2.5.1.75', '2.5.1.75', '2.5.1.75', '2.5.1.75', '2.5.1.75', '2.5.1.75', '2.5.1.75', '2.5.1.75', '2.5.1.75', '2.5.1.75', '2.5.1.75', '2.5.1.75', '2.5.1.75', '2.5.1.75', '2.5.1.75', '2.5.1.75', '2.5.1.75', '2.5.1.75', '2.5.1.75', '2.5.1.75', '2.5.1.75', '2.5.1.75', '2.5.1.75', '2.5.1.75', '2.5.1.75', '2.5.1.75', '2.5.1.75', '2.5.1.75', '2.5.1.75', '2.5.1.75', '2.5.1.75', '2.5.1.75', '2.5.1.75', '2.5.1.75', '2.5.1.75', '2.5.1.75', '2.5.1.75', '2.5.1.75', '2.5.1.75', '2.5.1.75', '2.5.1.75', '2.5.1.75', '2.5.1.75', '2.5.1.75', '2.5.1.75', '2.5.1.75', '2.5.1.75', '2.5.1.75', '2.5.1.75', '2.5.1.75', '2.5.1.75', '2.5.1.75', '2.5.1.75', '2.5.1.75', '2.5.1.75', '2.5.1.75', '2.5.1.75', '2.5.1.75', '2.5.1.75', '2.5.1.75', '2.5.1.75', '2.5.1.75', '2.5.1.75', '2.5.1.75', '2.5.1.75', '2.5.1.75', '2.5.1.75', '2.5.1.75', '2.5.1.75', '2.5.1.75', '2.5.1.75', '2.5.1.75', '2.5.1.75', '2.5.1.75', '2.5.1.75', '2.5.1.75', '2.5.1.75', '2.5.1.75', '2.5.1.75', '2.5.1.75', '2.5.1.75', '2.5.1.75', '2.5.1.75', '2.5.1.75', '2.5.1.75', '2.5.1.75', '2.5.1.75', '2.5.1.75', '2.5.1.75', '1.2.1.11', '2.5.1.75', '2.5.1.75', '2.5.1.75', '2.5.1.75', '2.5.1.75', '2.5.1.75', '2.5.1.75', '2.5.1.75', '2.5.1.75', '2.5.1.75', '2.5.1.75', '2.5.1.75', '2.5.1.75', '2.5.1.75', '2.5.1.75', '2.5.1.75', '2.5.1.75', '2.5.1.75', '2.5.1.75', '2.5.1.75', '2.5.1.75', '2.5.1.75', '2.5.1.75', '2.5.1.75', '2.5.1.75', '2.5.1.75', '2.5.1.75', '2.5.1.75', '2.5.1.75', '2.5.1.75', '2.5.1.75', '2.5.1.75', '2.5.1.75', '2.5.1.75', '2.5.1.75', '2.5.1.75', '2.5.1.75', '2.5.1.75', '2.5.1.75', '2.5.1.75', '2.5.1.75', '2.5.1.75', '2.5.1.75', '2.5.1.75', '2.5.1.75', '2.5.1.75', '2.5.1.75', '2.5.1.75', '2.5.1.75', '2.5.1.75', '2.5.1.75', '2.5.1.75', '2.5.1.75', '2.5.1.75', '2.5.1.75', '2.5.1.75', '2.5.1.75', '2.5.1.75', '2.5.1.75', '2.5.1.75', '2.5.1.75', '2.5.1.75', '2.5.1.75', '2.5.1.75', '2.5.1.75', '2.5.1.75', '2.5.1.75', '2.5.1.75', '2.5.1.75', '2.5.1.75', '2.5.1.75', '2.5.1.75', '2.5.1.75', '2.5.1.75', '2.5.1.75', '2.5.1.75', '2.5.1.75', '2.5.1.75', '2.5.1.75', '2.5.1.75', '2.5.1.75', '2.5.1.75', '2.5.1.75', '2.5.1.75', '2.5.1.75', '2.5.1.75', '2.5.1.75', '2.5.1.75', '2.5.1.75', '2.5.1.75', '2.5.1.75', '2.5.1.75', '2.5.1.75', '2.5.1.75', '2.5.1.75', '2.5.1.75', '2.5.1.75', '2.5.1.75', '2.5.1.75', '2.5.1.75', '2.5.1.75', '2.5.1.75', '2.5.1.75', '2.5.1.75', '2.5.1.75', '2.5.1.75', '2.5.1.75', '2.5.1.75', '2.5.1.75', '2.5.1.75', '2.5.1.75', '2.5.1.75', '2.5.1.75', '2.5.1.75', '2.5.1.75', '2.5.1.75', '2.5.1.75', '2.5.1.75', '2.5.1.75', '2.5.1.75', '2.5.1.75', '2.5.1.75', '2.5.1.75', '2.5.1.75', '2.5.1.75', '2.5.1.75', '2.5.1.75', '2.5.1.75', '2.5.1.75', '2.5.1.75', '2.5.1.75', '2.5.1.75', '2.5.1.75', '2.5.1.75', '2.5.1.75', '2.5.1.75', '2.5.1.75', '2.5.1.75', '2.5.1.75', '2.5.1.75', '2.5.1.75', '2.5.1.75', '2.5.1.75', '2.5.1.75', '2.5.1.75', '2.5.1.75', '2.5.1.75', '2.5.1.75', '2.5.1.75', '2.7.4.3', '2.5.1.75', '2.5.1.75', '2.5.1.75', '2.5.1.75', '2.5.1.75', '2.5.1.75', '2.5.1.75', '2.5.1.75', '2.5.1.75', '2.5.1.75', '2.5.1.75', '2.5.1.75', '2.5.1.75', '2.5.1.75', '2.5.1.75', '2.5.1.75', '2.5.1.75', '2.5.1.75', '2.5.1.75', '2.5.1.75', '2.5.1.75', '2.5.1.75', '2.5.1.75', '2.5.1.75', '2.5.1.75', '2.5.1.75', '2.5.1.75', '2.5.1.75', '2.5.1.75', '2.5.1.75', '2.5.1.75', '2.5.1.75', '2.5.1.75', '2.5.1.75', '2.5.1.75', '2.5.1.75', '2.5.1.75', '2.5.1.75', '2.5.1.75', '2.5.1.75', '2.5.1.75', '2.5.1.75', '2.5.1.75', '2.5.1.75', '2.5.1.75', '2.5.1.75', '2.5.1.75', '2.5.1.75', '2.5.1.75', '2.5.1.75', '2.5.1.75', '2.5.1.75', '2.5.1.75', '2.5.1.75', '2.5.1.75', '2.5.1.75', '2.5.1.75', '2.5.1.75', '2.5.1.75', '2.5.1.75', '2.5.1.75', '2.5.1.75', '2.5.1.75', '2.5.1.75', '2.5.1.75', '2.5.1.75', '2.5.1.75', '2.5.1.75', '2.5.1.75', '2.5.1.75', '2.5.1.75', '2.5.1.75', '2.5.1.75', '2.5.1.75', '2.5.1.75', '2.5.1.75', '2.5.1.75', '2.5.1.75', '2.5.1.75', '2.5.1.75', '2.5.1.75', '2.5.1.75', '2.5.1.75', '2.5.1.75', '2.5.1.75', '2.5.1.75', '2.5.1.75', '2.5.1.75', '2.5.1.75', '2.5.1.75', '2.5.1.75', '2.5.1.75', '2.5.1.75', '2.5.1.75', '2.5.1.75', '2.5.1.75', '2.5.1.75', '2.5.1.75', '2.5.1.75', '2.5.1.75', '2.5.1.75', '2.5.1.75', '2.5.1.75', '2.5.1.75', '2.5.1.75', '2.5.1.75', '2.5.1.75', '2.5.1.75', '2.5.1.75', '2.5.1.75', '2.5.1.75', '2.5.1.75', '2.5.1.75', '2.5.1.75', '2.5.1.75', '2.5.1.75', '2.5.1.75', '2.5.1.75', '2.5.1.75', '2.5.1.75', '2.5.1.75', '2.5.1.75', '2.5.1.75', '2.5.1.75', '2.5.1.75', '2.5.1.75', '2.5.1.75', '2.5.1.75', '2.5.1.75', '2.5.1.75', '2.5.1.75', '2.5.1.75', '2.5.1.75', '2.5.1.75', '2.5.1.75', '2.5.1.75', '2.5.1.75', '2.5.1.75', '2.5.1.75', '2.5.1.75', '2.5.1.75', '2.5.1.75', '2.5.1.75', '2.5.1.75', '2.5.1.75', '2.5.1.75', '2.5.1.75', '2.5.1.75', '2.5.1.75', '2.5.1.75', '2.5.1.75', '2.5.1.75', '2.5.1.75', '2.5.1.75', '2.5.1.75', '2.5.1.75', '2.5.1.75', '2.5.1.75', '2.5.1.75', '2.5.1.75', '2.5.1.75', '2.5.1.75', '2.5.1.75', '2.5.1.75', '2.5.1.75', '2.5.1.75', '2.5.1.75', '2.5.1.75', '2.5.1.75', '2.5.1.75', '2.5.1.75', '2.5.1.75', '2.5.1.75', '2.5.1.75', '2.5.1.75', '2.5.1.75', '2.5.1.75', '2.5.1.75', '2.5.1.75', '2.5.1.75', '2.5.1.75', '2.5.1.75', '2.5.1.75', '2.5.1.75', '2.5.1.75', '2.5.1.75', '2.5.1.75', '2.5.1.75', '2.5.1.75', '2.5.1.75', '2.5.1.75', '2.5.1.75', '2.5.1.75', '2.5.1.75', '2.5.1.75', '2.5.1.75', '2.5.1.75', '2.5.1.75', '2.5.1.75', '2.5.1.75', '2.5.1.75', '2.5.1.75', '2.5.1.75', '2.5.1.75', '2.5.1.75', '2.5.1.75', '2.5.1.75', '2.5.1.75', '2.5.1.75', '2.5.1.75', '2.5.1.75', '2.5.1.75', '2.5.1.75', '2.5.1.75', '2.5.1.75', '2.5.1.75', '2.5.1.75', '2.5.1.75', '2.5.1.75', '2.5.1.75', '2.5.1.75', '2.5.1.75', '2.5.1.75', '2.5.1.75', '2.5.1.75']",,0.8235802149772644,648,,1.0,1.0
test-ec-onehot-uniref,ba63000,2.7.4.3,no-tax,train_common,900,0.9977777777777778,0.9977777777777778,898,1.0,898,4.0,1.0,898,244.0303514376997,,,,,1.0,,0.8002974665924276,0.0077951002227171495,0.16481069042316257,"['2.7.4.3', '2.7.4.3', '2.7.4.3', '2.7.4.3', '2.7.4.3', '2.7.4.3', '2.7.4.3', '2.7.4.3', '2.7.4.3', '2.7.4.3', '2.7.4.3', '2.7.4.3', '2.7.4.3', '2.7.4.3', '2.7.4.3', '2.7.4.3', '2.7.4.3', '2.7.4.3', '2.7.4.3', '2.7.4.3', '2.7.4.3', '2.7.4.3', '2.7.4.3', '2.7.4.3', '2.7.4.3', '2.7.4.3', '2.7.4.3', '2.7.4.3', '2.7.4.3', '2.7.4.3', '2.7.4.3', '2.7.4.3', '2.7.4.3', '2.7.4.3', '2.7.4.3', '2.7.4.3', '2.7.4.3', '2.7.4.3', '2.7.4.3', '2.7.4.3', '2.7.4.3', '2.7.4.3', '2.7.4.3', '2.7.4.3', '2.7.4.3', '2.7.4.3', '2.7.4.3', '2.7.4.3', '2.7.4.3', '2.7.4.3', '2.7.4.3', '2.7.4.3', '2.7.4.3', '2.7.4.3', '2.7.4.3', '2.7.4.3', '2.7.4.3', '2.7.4.3', '2.7.4.3', '2.7.4.3', '2.7.4.3', '2.7.4.3', '2.7.4.3', '2.7.4.3', '2.7.4.3', '2.7.4.3', '2.7.4.3', '2.7.4.3', '2.7.4.3', '2.7.4.3', '2.7.4.3', '2.7.4.3', '2.7.4.3', '2.7.4.3', '2.7.4.3', '2.7.4.3', '2.7.4.3', '2.7.4.3', '2.7.4.3', '2.7.4.3', '2.7.4.3', '2.7.4.3', '2.7.4.3', '2.7.4.3', '2.7.4.3', '2.7.4.3', '2.7.4.3', '2.7.4.3', '2.7.4.3', '2.7.4.3', '2.7.4.3', '2.7.4.3', '2.7.4.3', '2.7.4.3', '2.7.4.3', '2.7.4.3', '2.7.4.3', '2.7.4.3', '2.7.4.3', '2.7.4.3', '2.7.4.3', '2.7.4.3', '2.7.4.3', '2.7.4.3', '2.7.4.3', '2.7.4.3', '2.7.4.3', '2.7.4.3', '2.7.4.3', '2.7.4.3', '2.7.4.3', '2.7.4.3', '2.7.4.3', '2.7.4.3', '2.7.4.3', '2.7.4.3', '2.7.4.3', '2.7.4.3', '2.7.4.3', '2.7.4.3', '2.7.4.3', '2.7.4.3', '2.7.4.3', '2.7.4.3', '2.7.4.3', '2.7.4.3', '2.7.4.3', '2.7.4.3', '2.7.4.3', '2.7.4.3', '2.7.4.3', '2.7.4.3', '2.7.4.3', '2.7.4.3', '2.7.4.3', '2.7.4.3', '2.7.4.3', '2.7.4.3', '2.7.4.3', '2.7.4.3', '2.7.4.3', '2.7.4.3', '2.7.4.3', '2.7.4.3', '2.7.4.3', '2.7.4.3', '2.7.4.3', '2.7.4.3', '2.7.4.3', '2.7.4.3', '2.7.4.3', '2.7.4.3', '2.7.4.3', '2.7.4.3', '2.7.4.3', '2.7.4.3', '2.7.4.3', '2.7.4.3', '2.7.4.3', '2.7.4.3', '2.7.4.3', '2.7.4.3', '2.7.4.3', '2.7.4.3', '2.7.4.3', '2.7.4.3', '2.7.4.3', '2.7.4.3', '2.7.4.3', '2.7.4.3', '2.7.4.3', '2.7.4.3', '2.7.4.3', '2.7.4.3', '2.7.4.3', '2.7.4.3', '2.7.4.3', '2.7.4.3', '2.7.4.3', '2.7.4.3', '2.7.4.3', '2.7.4.3', '2.7.4.3', '2.7.4.3', '2.7.4.3', '2.7.4.3', '2.7.4.3', '2.7.4.3', '2.7.4.3', '2.7.4.3', '2.7.4.3', '2.7.4.3', '2.7.4.3', '2.7.4.3', '2.7.4.3', '2.7.4.3', '2.7.4.3', '2.7.4.3', '2.7.4.3', '2.7.4.3', '2.7.4.3', '2.7.4.3', '2.7.4.3', '2.7.4.3', '2.7.4.3', '2.7.4.3', '2.7.4.3', '2.7.4.3', '2.7.4.3', '2.7.4.3', '2.7.4.3', '2.7.4.3', '2.7.4.3', '2.7.4.3', '2.7.4.3', '2.7.4.3', '2.7.4.3', '2.7.4.3', '2.7.4.3', '2.7.4.3', '2.7.4.3', '2.7.4.3', '2.7.4.3', '2.7.4.3', '2.7.4.3', '2.7.4.3', '2.7.4.3', '2.7.4.3', '2.7.4.3', '2.7.4.3', '2.7.4.3', '2.7.4.3', '2.7.4.3', '2.7.4.3', '2.7.4.3', '2.7.4.3', '2.7.4.3', '2.7.4.3', '2.7.4.3', '2.7.4.3', '2.7.4.3', '2.7.4.3', '2.7.4.3', '2.7.4.3', '2.7.4.3', '2.7.4.3', '2.7.4.3', '2.7.4.3', '2.7.4.3', '2.7.4.3', '2.7.4.3', '2.7.4.3', '2.7.4.3', '2.7.4.3', '2.7.4.3', '2.7.4.3', '2.7.4.3', '2.7.4.3', '2.7.4.3', '2.7.4.3', '2.7.4.3', '2.7.4.3', '2.7.4.3', '2.7.4.3', '2.7.4.3', '2.7.4.3', '2.7.4.3', '2.7.4.3', '2.7.4.3', '2.7.4.3', '2.7.4.3', '2.7.4.3', '2.7.4.3', '2.7.4.3', '2.7.4.3', '2.7.4.3', '2.7.4.3', '2.7.4.3', '2.7.4.3', '2.7.4.3', '2.7.4.3', '2.7.4.3', '2.7.4.3', '2.7.4.3', '2.7.4.3', '2.7.4.3', '2.7.4.3', '2.7.4.3', '2.7.4.3', '2.7.4.3', '2.7.4.3', '2.7.4.3', '2.7.4.3', '2.7.4.3', '2.7.4.3', '2.7.4.3', '2.7.4.3', '2.7.4.3', '2.7.4.3', '2.7.4.3', '2.7.4.3', '2.7.4.3', '2.7.4.3', '2.7.4.3', '2.7.4.3', '2.7.4.3', '2.7.4.3', '2.7.4.3', '2.7.4.3', '2.7.4.3', '2.7.4.3', '2.7.4.3', '2.7.4.3', '2.7.4.3', '2.7.4.3', '2.7.4.3', '2.7.4.3', '2.7.4.3', '2.7.4.3', '2.7.4.3', '2.7.4.3', '2.7.4.3', '2.7.4.3', '2.7.4.3', '2.7.4.3', '2.7.4.3', '2.7.4.3', '2.7.4.3', '2.7.4.3', '2.7.4.3', '2.7.4.3', '2.7.4.3', '2.7.4.3', '2.7.4.3', '2.7.4.3', '2.7.4.3', '2.7.4.3', '2.7.4.3', '2.7.4.3', '2.7.4.3', '2.7.4.3', '2.7.4.3', '2.7.4.3', '2.7.4.3', '2.7.4.3', '2.7.4.3', '2.7.4.3', '2.7.4.3', '2.7.4.3', '2.7.4.3', '2.7.4.3', '2.7.4.3', '2.7.4.3', '2.7.4.3', '2.7.4.3', '2.7.4.3', '2.7.4.3', '2.7.4.3', '2.7.4.3', '2.7.4.3', '2.7.4.3', '2.7.4.3', '2.7.4.3', '2.7.4.3', '2.7.4.3', '2.7.4.3', '2.7.4.3', '2.7.4.3', '2.7.4.3', '2.7.4.3', '2.7.4.3', '2.7.4.3', '2.7.4.3', '2.7.4.3', '2.7.4.3', '2.7.4.3', '2.7.4.3', '2.7.4.3', '2.7.4.3', '2.7.4.3', '2.7.4.3', '2.7.4.3', '2.7.4.3', '2.7.4.3', '2.7.4.3', '2.7.4.3', '2.7.4.3', '2.7.4.3', '2.7.4.3', '2.7.4.3', '2.7.4.3', '2.7.4.3', '2.7.4.3', '2.7.4.3', '2.7.4.3', '2.7.4.3', '2.7.4.3', '2.7.4.3', '2.7.4.3', '2.7.4.3', '2.7.4.3', '2.7.4.3', '2.7.4.3', '2.7.4.3', '2.7.4.3', '2.7.4.3', '2.7.4.3', '2.7.4.3', '2.7.4.3', '2.7.4.3', '2.7.4.3', '2.7.4.3', '2.7.4.3', '2.7.4.3', '2.7.4.3', '2.7.4.3', '2.7.4.3', '2.7.4.3', '2.7.4.3', '2.7.4.3', '2.7.4.3', '2.7.4.3', '2.7.4.3', '2.7.4.3', '2.7.4.3', '2.7.4.3', '2.7.4.3', '2.7.4.3', '2.7.4.3', '2.7.4.3', '2.7.4.3', '2.7.4.3', '2.7.4.3', '2.7.4.3', '2.7.4.3', '2.7.4.3', '2.7.4.3', '2.7.4.3', '2.7.4.3', '2.7.4.3', '2.7.4.3', '2.7.4.3', '2.7.4.3', '2.7.4.3', '2.7.4.3', '2.7.4.3', '2.7.4.3', '2.7.4.3', '2.7.4.3', '2.7.4.3', '2.7.4.3', '2.7.4.3', '2.7.4.3', '2.7.4.3', '2.7.4.3', '2.7.4.3', '2.7.4.3', '2.7.4.3', '2.7.4.3', '2.7.4.3', '2.7.4.3', '2.7.4.3', '2.7.4.3', '2.7.4.3', '2.7.4.3', '2.7.4.3', '2.7.4.3', '2.7.4.3', '2.7.4.3', '2.7.4.3', '2.7.4.3', '2.7.4.3', '2.7.4.3', '2.7.4.3', '2.7.4.3', '2.7.4.3', '2.7.4.3', '2.7.4.3', '2.7.4.3', '2.7.4.3', '2.7.4.3', '2.7.4.3', '2.7.4.3', '2.7.4.3', '2.7.4.3', '2.7.4.3', '2.7.4.3', '2.7.4.3', '2.7.4.3', '2.7.4.3', '2.7.4.3', '2.7.4.3', '2.7.4.3', '2.7.4.3', '2.7.4.3', '2.7.4.3', '2.7.4.3', '2.7.4.3', '2.7.4.3', '2.7.4.3', '2.7.4.3', '2.7.4.3', '2.7.4.3', '2.7.4.3', '2.7.4.3', '2.7.4.3', '2.7.4.3', '2.7.4.3', '2.7.4.3', '2.7.4.3', '2.7.4.3', '2.7.4.3', '2.7.4.3', '2.7.4.3', '2.7.4.3', '2.7.4.3', '2.7.4.3', '2.7.4.3', '2.7.4.3', '2.7.4.3', '2.7.4.3', '2.7.4.3', '2.7.4.3', '2.7.4.3', '2.7.4.3', '2.7.4.3', '2.7.4.3', '2.7.4.3', '2.7.4.3', '2.7.4.3', '2.7.4.3', '2.7.4.3', '2.7.4.3', '2.7.4.3', '2.7.4.3', '2.7.4.3', '2.7.4.3', '2.7.4.3', '2.7.4.3', '2.7.4.3', '2.7.4.3', '2.7.4.3', '2.7.4.3', '2.7.4.3', '2.7.4.3', '2.7.4.3', '2.7.4.3', '2.7.4.3', '2.7.4.3', '2.7.4.3', '2.7.4.3', '2.7.4.3', '2.7.4.3', '2.7.4.3', '2.7.4.3', '2.7.4.3', '2.7.4.3', '2.7.4.3', '2.7.4.3', '2.7.4.3', '2.7.4.3', '2.7.4.3', '2.7.4.3', '2.7.4.3', '2.7.4.3', '2.7.4.3', '2.7.4.3', '2.7.4.3', '2.7.4.3', '2.7.4.3', '2.7.4.3', '2.7.4.3', '2.7.4.3', '2.7.4.3', '2.7.4.3', '2.7.4.3', '2.7.4.3', '2.7.4.3', '2.7.4.3', '2.7.4.3', '2.7.4.3', '2.7.4.3', '2.7.4.3', '2.7.4.3', '2.7.4.3', '2.7.4.3', '2.7.4.3', '2.7.4.3', '2.7.4.3', '2.7.4.3', '2.7.4.3', '2.7.4.3', '2.7.4.3', '2.7.4.3', '2.7.4.3', '2.7.4.3', '2.7.4.3', '2.7.4.3', '2.7.4.3', '2.7.4.3', '2.7.4.3', '2.7.4.3', '2.7.4.3', '2.7.4.3', '2.7.4.3', '2.7.4.3', '2.7.4.3', '2.7.4.3', '2.7.4.3', '2.7.4.3', '2.7.4.3', '2.7.4.3', '2.7.4.3', '2.7.4.3', '2.7.4.3', '2.7.4.3', '2.7.4.3', '2.7.4.3', '2.7.4.3', '2.7.4.3', '2.7.4.3', '2.7.4.3', '2.7.4.3', '2.7.4.3', '2.7.4.3', '2.7.4.3', '2.7.4.3', '2.7.4.3', '2.7.4.3', '2.7.4.3', '2.7.4.3', '2.7.4.3', '2.7.4.3', '2.7.4.3', '2.7.4.3', '2.7.4.3', '2.7.4.3', '2.7.4.3', '2.7.4.3', '2.7.4.3', '2.7.4.3', '2.7.4.3', '2.7.4.3', '2.7.4.3', '2.7.4.3', '2.7.4.3', '2.7.4.3', '2.7.4.3', '2.7.4.3', '2.7.4.3', '2.7.4.3', '2.7.4.3', '2.7.4.3', '2.7.4.3', '2.7.4.3', '2.7.4.3', '2.7.4.3', '2.7.4.3', '2.7.4.3', '2.7.4.3', '2.7.4.3', '2.7.4.3', '2.7.4.3', '2.7.4.3', '2.7.4.3', '2.7.4.3', '2.7.4.3', '2.7.4.3', '2.7.4.3', '2.7.4.3', '2.7.4.3', '2.7.4.3', '2.7.4.3', '2.7.4.3', '2.7.4.3', '2.7.4.3', '2.7.4.3', '2.7.4.3', '2.7.4.3', '2.7.4.3', '2.7.4.3', '2.7.4.3', '2.7.4.3', '2.7.4.3', '2.7.4.3', '2.7.4.3', '2.7.4.3', '2.7.4.3', '2.7.4.3', '2.7.4.3', '2.7.4.3', '2.7.4.3', '2.7.4.3', '2.7.4.3', '2.7.4.3', '2.7.4.3', '2.7.4.3', '2.7.4.3', '2.7.4.3', '2.7.4.3', '2.7.4.3', '2.7.4.3', '2.7.4.3', '2.7.4.3', '2.7.4.3', '2.7.4.3', '2.7.4.3', '2.7.4.3', '2.7.4.3', '2.7.4.3', '2.7.4.3', '2.7.4.3', '2.7.4.3', '2.7.4.3', '2.7.4.3', '2.7.4.3', '2.7.4.3', '2.7.4.3', '2.7.4.3', '2.7.4.3', '2.7.4.3', '2.7.4.3', '2.7.4.3', '2.7.4.3', '2.7.4.3', '2.7.4.3', '2.7.4.3', '2.7.4.3', '2.7.4.3', '2.7.4.3', '2.7.4.3', '2.7.4.3', '2.7.4.3', '2.7.4.3', '2.7.4.3', '2.7.4.3', '2.7.4.3', '2.7.4.3', '2.7.4.3', '2.7.4.3', '2.7.4.3', '2.7.4.3', '2.7.4.3', '2.7.4.3', '2.7.4.3', '2.7.4.3', '2.7.4.3', '2.7.4.3', '2.7.4.3', '2.7.4.3', '2.7.4.3', '2.7.4.3', '2.7.4.3', '2.7.4.3', '2.7.4.3', '2.7.4.3', '2.7.4.3', '2.7.4.3', '2.7.4.3', '2.7.4.3', '2.7.4.3', '2.7.4.3', '2.7.4.3', '2.7.4.3', '2.7.4.3', '2.7.4.3', '2.7.4.3', '2.7.4.3', '2.7.4.3', '2.7.4.3', '2.7.4.3', '2.7.4.3', '2.7.4.3', '2.7.4.3', '2.7.4.3', '2.7.4.3', '2.7.4.3', '2.7.4.3', '2.7.4.3', '2.7.4.3', '2.7.4.3', '2.7.4.3', '2.7.4.3', '2.7.4.3', '2.7.4.3', '2.7.4.3', '2.7.4.3', '2.7.4.3', '2.7.4.3', '2.7.4.3', '2.7.4.3', '2.7.4.3', '2.7.4.3', '2.7.4.3', '2.7.4.3', '2.7.4.3', '2.7.4.3', '2.7.4.3', '2.7.4.3', '2.7.4.3', '2.7.4.3', '2.7.4.3', '2.7.4.3', '2.7.4.3', '2.7.4.3', '2.7.4.3', '2.7.4.3', '2.7.4.3', '2.7.4.3', '2.7.4.3', '2.7.4.3', '2.7.4.3', '2.7.4.3', '2.7.4.3', '2.7.4.3', '2.7.4.3', '2.7.4.3', '2.7.4.3', '2.7.4.3', '2.7.4.3', '2.7.4.3', '2.7.4.3', '2.7.4.3', '2.7.4.3', '2.7.4.3', '2.7.4.3', '2.7.4.3', '2.7.4.3', '2.7.4.3', '2.7.4.3', '2.7.4.3', '2.7.4.3', '2.7.4.3', '2.7.4.3', '2.7.4.3', '2.7.4.3', '2.7.4.3', '2.7.4.3', '2.7.4.3', '2.7.4.3', '2.7.4.3', '2.7.4.3', '2.7.4.3', '2.7.4.3', '2.7.4.3', '2.7.4.3', '2.7.4.3', '2.7.4.3', '2.7.4.3', '2.7.4.3', '2.7.4.3', '2.7.4.3', '2.7.4.3', '2.7.4.3', '2.7.4.3', '2.7.4.3', '2.7.4.3', '2.7.4.3', '2.7.4.3', '2.7.4.3', '2.7.4.3', '2.7.4.3', '2.7.4.3', '2.7.4.3', '2.7.4.3', '2.7.4.3', '2.7.4.3', '2.7.4.3', '2.7.4.3', '2.7.4.3', '2.7.4.3', '2.7.4.3', '2.7.4.3', '2.7.4.3', '2.7.4.3', '2.7.4.3', '2.7.4.3', '2.7.4.3', '2.7.4.3', '2.7.4.3', '2.7.4.3', '2.7.4.3', '2.7.4.3', '2.7.4.3', '2.7.4.3', '2.7.4.3', '2.7.4.3', '2.7.4.3', '2.7.4.3', '2.7.4.3', '2.7.4.3', '2.7.4.3', '2.7.4.3', '2.7.4.3', '2.7.4.3', '2.7.4.3', '2.7.4.3', '2.7.4.3']",,0.7845837670564652,626,,1.0000001192092896,1.0000001192092896
test-ec-onehot-uniref,ba63000,4.2.99.18,no-tax,train_common,900,0.8911111111111111,0.89,801,0.5368289637952559,430,4.0,0.16511627906976745,71,49.26495730377907,,,,,0.16511627906976745,,0.6213107372093024,0.044186046511627906,0.3325581395348837,"['4.2.99.18', '3.2.2.-; 4.2.99.18', '3.2.2.-; 4.2.99.18', '3.2.2.-; 4.2.99.18', '3.2.2.-; 4.2.99.18', '3.2.2.-; 4.2.99.18', '3.2.2.-; 4.2.99.18', '4.2.99.18', '3.2.2.-; 4.2.99.18', '3.2.2.-; 4.2.99.18', '3.2.2.23; 4.2.99.18', '4.2.99.18', '3.2.2.-; 4.2.99.18', '3.2.2.-; 4.2.99.18', '4.2.99.18', '3.2.2.-; 4.2.99.18', '3.2.2.-; 4.2.99.18', '3.2.2.23; 4.2.99.18', '4.2.99.18', '3.2.2.-; 4.2.99.18', '3.2.2.-; 4.2.99.18', '3.2.2.23; 4.2.99.18', '3.2.2.23; 4.2.99.18', '3.2.2.-; 4.2.99.18', '3.2.2.-; 4.2.99.18', '3.2.2.-; 4.2.99.18', '3.2.2.-; 4.2.99.18', '3.2.2.23; 4.2.99.18', '3.2.2.-; 4.2.99.18', '3.2.2.-; 4.2.99.18', '3.2.2.-; 4.2.99.18', '3.2.2.-; 4.2.99.18', '3.2.2.-; 4.2.99.18', '3.2.2.-; 4.2.99.18', '3.2.2.23; 4.2.99.18', '4.2.99.18', '3.2.2.-; 4.2.99.18', '4.2.99.18', '3.2.2.-; 4.2.99.18', '3.2.2.-; 4.2.99.18', '3.2.2.-; 4.2.99.18', '3.2.2.23; 4.2.99.18', '4.2.99.18', '3.2.2.-; 4.2.99.18', '3.2.2.-; 4.2.99.18', '3.2.2.-; 4.2.99.18', '3.2.2.-; 4.2.99.18', '3.2.2.-; 4.2.99.18', '3.2.2.-; 4.2.99.18', '3.2.2.-; 4.2.99.18', '3.2.2.-; 4.2.99.18', '3.2.2.-; 4.2.99.18', '3.2.2.23; 4.2.99.18', '3.2.2.-; 4.2.99.18', '3.2.2.-; 4.2.99.18', '3.2.2.-; 4.2.99.18', '3.2.2.-; 4.2.99.18', '3.2.2.-; 4.2.99.18', '3.2.2.-; 4.2.99.18', '3.2.2.-; 4.2.99.18', '4.2.99.18', '3.2.2.-; 4.2.99.18', '4.2.99.18', '3.2.2.23; 4.2.99.18', '3.2.2.23; 4.2.99.18', '3.2.2.-; 4.2.99.18', '3.2.2.-; 4.2.99.18', '3.2.2.-; 4.2.99.18', '3.2.2.-; 4.2.99.18', '3.2.2.-; 4.2.99.18', '3.2.2.23; 4.2.99.18', '3.2.2.-; 4.2.99.18', '3.2.2.-; 4.2.99.18', '3.2.2.-; 4.2.99.18', '3.2.2.-; 4.2.99.18', '3.2.2.-; 4.2.99.18', '3.2.2.-; 4.2.99.18', '3.2.2.-; 4.2.99.18', '3.2.2.-; 4.2.99.18', '4.2.99.18', '3.2.2.-; 4.2.99.18', '3.2.2.23; 4.2.99.18', '3.2.2.-; 4.2.99.18', '3.2.2.-; 4.2.99.18', '3.2.2.23; 4.2.99.18', '4.2.99.18', '4.2.99.18', '3.2.2.-; 4.2.99.18', '3.2.2.23; 4.2.99.18', '3.2.2.-; 4.2.99.18', '3.2.2.23; 4.2.99.18', '4.2.99.18', '3.2.2.23; 4.2.99.18', '3.2.2.23; 4.2.99.18', '3.2.2.-; 4.2.99.18', '4.2.99.18', '3.2.2.23; 4.2.99.18', '3.2.2.-; 4.2.99.18', '3.2.2.-; 4.2.99.18', '3.2.2.-; 4.2.99.18', '3.2.2.-; 4.2.99.18', '3.2.2.-; 4.2.99.18', '4.2.99.18', '3.2.2.23; 4.2.99.18', '3.2.2.-; 4.2.99.18', '3.2.2.-; 4.2.99.18', '3.2.2.23; 4.2.99.18', '3.2.2.-; 4.2.99.18', '3.2.2.-; 4.2.99.18', '3.2.2.-; 4.2.99.18', '3.2.2.-; 4.2.99.18', '3.2.2.-; 4.2.99.18', '4.2.99.18', '3.2.2.-; 4.2.99.18', '3.2.2.-; 4.2.99.18', '3.2.2.-; 4.2.99.18', '4.2.99.18', '3.2.2.23; 4.2.99.18', '3.2.2.-; 4.2.99.18', '3.2.2.-; 4.2.99.18', '3.2.2.23; 4.2.99.18', '3.2.2.-; 4.2.99.18', '3.2.2.23; 4.2.99.18', '3.2.2.-; 4.2.99.18', '3.2.2.-; 4.2.99.18', '3.2.2.-; 4.2.99.18', '3.2.2.-; 4.2.99.18', '3.2.2.-; 4.2.99.18', '3.2.2.-; 4.2.99.18', '3.2.2.23; 4.2.99.18', '3.2.2.-; 4.2.99.18', '4.2.99.18', '3.2.2.23; 4.2.99.18', '3.2.2.-; 4.2.99.18', '3.2.2.-; 4.2.99.18', '3.2.2.-; 4.2.99.18', '3.2.2.-; 4.2.99.18', '4.2.99.18', '3.2.2.-; 4.2.99.18', '4.2.99.18', '3.2.2.-; 4.2.99.18', '3.2.2.23; 4.2.99.18', '3.2.2.23; 4.2.99.18', '3.2.2.-; 4.2.99.18', '3.2.2.23; 4.2.99.18', '3.2.2.23; 4.2.99.18', '3.2.2.-; 4.2.99.18', '3.2.2.-; 4.2.99.18', '3.2.2.-; 4.2.99.18', '3.2.2.-; 4.2.99.18', '3.2.2.-; 4.2.99.18', '3.2.2.-; 4.2.99.18', '3.2.2.-; 4.2.99.18', '3.2.2.-; 4.2.99.18', '3.2.2.-; 4.2.99.18', '3.2.2.-; 4.2.99.18', '3.2.2.-; 4.2.99.18', '3.2.2.-; 4.2.99.18', '4.2.99.18', '3.2.2.-; 4.2.99.18', '4.2.99.18', '3.2.2.-; 4.2.99.18', '4.2.99.18', '4.2.99.18', '4.2.99.18', '3.2.2.-; 4.2.99.18', '3.2.2.-; 4.2.99.18', '4.2.99.18', '3.2.2.-; 4.2.99.18', '3.2.2.-; 4.2.99.18', '4.2.99.18', '3.2.2.23; 4.2.99.18', '4.2.99.18', '3.2.2.-; 4.2.99.18', '3.2.2.-; 4.2.99.18', '3.2.2.-; 4.2.99.18', '3.2.2.-; 4.2.99.18', '3.2.2.-; 4.2.99.18', '3.2.2.-; 4.2.99.18', '3.2.2.-; 4.2.99.18', '3.2.2.-; 4.2.99.18', '3.2.2.-; 4.2.99.18', '4.2.99.18', '4.2.99.18', '3.2.2.23; 4.2.99.18', '3.2.2.-; 4.2.99.18', '4.2.99.18', '3.2.2.-; 4.2.99.18', '4.2.99.18', '3.2.2.-; 4.2.99.18', '3.2.2.-; 4.2.99.18', '3.2.2.23; 4.2.99.18', '3.2.2.23; 4.2.99.18', '3.2.2.-; 4.2.99.18', '4.2.99.18', '4.2.99.18', '4.2.99.18', '3.2.2.-; 4.2.99.18', '3.2.2.23; 4.2.99.18', '3.2.2.-; 4.2.99.18', '3.2.2.-; 4.2.99.18', '3.2.2.-; 4.2.99.18', '4.2.99.18', '3.2.2.-; 4.2.99.18', '3.2.2.-; 4.2.99.18', '4.2.99.18', '4.2.99.18', '3.2.2.23; 4.2.99.18', '3.2.2.-; 4.2.99.18', '3.2.2.23; 4.2.99.18', '3.2.2.23; 4.2.99.18', '3.2.2.23; 4.2.99.18', '3.2.2.-; 4.2.99.18', '3.2.2.23; 4.2.99.18', '3.2.2.-; 4.2.99.18', '4.2.99.18', '3.2.2.23; 4.2.99.18', '3.2.2.-; 4.2.99.18', '3.2.2.23; 4.2.99.18', '3.2.2.-; 4.2.99.18', '3.2.2.-; 4.2.99.18', '3.2.2.-; 4.2.99.18', '3.2.2.-; 4.2.99.18', '3.2.2.-; 4.2.99.18', '3.2.2.-; 4.2.99.18', '3.2.2.-; 4.2.99.18', '3.2.2.-; 4.2.99.18', '3.2.2.-; 4.2.99.18', '3.2.2.-; 4.2.99.18', '3.2.2.-; 4.2.99.18', '3.2.2.23; 4.2.99.18', '3.2.2.-; 4.2.99.18', '3.2.2.-; 4.2.99.18', '3.2.2.-; 4.2.99.18', '3.2.2.-; 4.2.99.18', '3.2.2.23; 4.2.99.18', '3.2.2.23; 4.2.99.18', '3.2.2.-; 4.2.99.18', '3.2.2.-; 4.2.99.18', '4.2.99.18', '3.2.2.-; 4.2.99.18', '3.2.2.-; 4.2.99.18', '3.2.2.-; 4.2.99.18', '3.2.2.-; 4.2.99.18', '3.2.2.-; 4.2.99.18', '3.2.2.23; 4.2.99.18', '3.2.2.-; 4.2.99.18', '3.2.2.-; 4.2.99.18', '3.2.2.23; 4.2.99.18', '3.2.2.-; 4.2.99.18', '3.2.2.23; 4.2.99.18', '3.2.2.23; 4.2.99.18', '3.2.2.-; 4.2.99.18', '3.2.2.23; 4.2.99.18', '4.2.99.18', '3.2.2.-; 4.2.99.18', '3.2.2.23; 4.2.99.18', '4.2.99.18', '3.2.2.23; 4.2.99.18', '4.2.99.18', '3.2.2.-; 4.2.99.18', '3.2.2.23; 4.2.99.18', '3.2.2.-; 4.2.99.18', '3.2.2.-; 4.2.99.18', '3.2.2.23; 4.2.99.18', '3.2.2.-; 4.2.99.18', '3.2.2.-; 4.2.99.18', '3.2.2.-; 4.2.99.18', '3.2.2.-; 4.2.99.18', '3.2.2.23; 4.2.99.18', '3.2.2.-; 4.2.99.18', '4.2.99.18', '3.2.2.-; 4.2.99.18', '3.2.2.-; 4.2.99.18', '3.2.2.23; 4.2.99.18', '4.2.99.18', '3.2.2.-; 4.2.99.18', '4.2.99.18', '3.2.2.-; 4.2.99.18', '3.2.2.-; 4.2.99.18', '3.2.2.-; 4.2.99.18', '3.2.2.23; 4.2.99.18', '3.2.2.23; 4.2.99.18', '4.2.99.18', '3.2.2.-; 4.2.99.18', '3.2.2.23; 4.2.99.18', '4.2.99.18', '3.2.2.-; 4.2.99.18', '3.2.2.-; 4.2.99.18', '3.2.2.23; 4.2.99.18', '3.2.2.-; 4.2.99.18', '3.2.2.-; 4.2.99.18', '3.2.2.-; 4.2.99.18', '3.2.2.-; 4.2.99.18', '3.2.2.-; 4.2.99.18', '3.2.2.23; 4.2.99.18', '3.2.2.-; 4.2.99.18', '3.2.2.-; 4.2.99.18', '3.2.2.-; 4.2.99.18', '3.2.2.-; 4.2.99.18', '4.2.99.18', '3.2.2.-; 4.2.99.18', '3.2.2.-; 4.2.99.18', '3.2.2.-; 4.2.99.18', '3.2.2.-; 4.2.99.18', '3.2.2.-; 4.2.99.18', '3.2.2.23; 4.2.99.18', '4.2.99.18', '3.2.2.23; 4.2.99.18', '3.2.2.-; 4.2.99.18', '3.2.2.-; 4.2.99.18', '4.2.99.18', '3.2.2.-; 4.2.99.18', '3.2.2.-; 4.2.99.18', '3.2.2.23; 4.2.99.18', '3.2.2.-; 4.2.99.18', '3.2.2.-; 4.2.99.18', '3.2.2.-; 4.2.99.18', '4.2.99.18', '3.2.2.-; 4.2.99.18', '3.2.2.-; 4.2.99.18', '3.2.2.-; 4.2.99.18', '3.2.2.-; 4.2.99.18', '3.2.2.-; 4.2.99.18', '4.2.99.18', '3.2.2.-; 4.2.99.18', '3.2.2.-; 4.2.99.18', '3.2.2.-; 4.2.99.18', '4.2.99.18', '3.2.2.-; 4.2.99.18', '3.2.2.-; 4.2.99.18', '3.2.2.-; 4.2.99.18', '3.2.2.-; 4.2.99.18', '3.2.2.-; 4.2.99.18', '3.2.2.-; 4.2.99.18', '3.2.2.-; 4.2.99.18', '3.2.2.-; 4.2.99.18', '3.2.2.-; 4.2.99.18', '3.2.2.23; 4.2.99.18', '3.2.2.-; 4.2.99.18', '3.2.2.-; 4.2.99.18', '4.2.99.18', '4.2.99.18', '3.2.2.-; 4.2.99.18', '4.2.99.18', '3.2.2.23; 4.2.99.18', '4.2.99.18', '3.2.2.-; 4.2.99.18', '3.2.2.23; 4.2.99.18', '4.2.99.18', '3.2.2.-; 4.2.99.18', '3.2.2.-; 4.2.99.18', '3.2.2.-; 4.2.99.18', '3.2.2.-; 4.2.99.18', '4.2.99.18', '3.2.2.-; 4.2.99.18', '3.2.2.-; 4.2.99.18', '3.2.2.23; 4.2.99.18', '4.2.99.18', '3.2.2.23; 4.2.99.18', '3.2.2.-; 4.2.99.18', '3.2.2.-; 4.2.99.18', '3.2.2.-; 4.2.99.18', '3.2.2.-; 4.2.99.18', '3.2.2.-; 4.2.99.18', '3.2.2.23; 4.2.99.18', '4.2.99.18', '3.2.2.-; 4.2.99.18', '4.2.99.18', '3.2.2.-; 4.2.99.18', '3.2.2.23; 4.2.99.18', '3.2.2.-; 4.2.99.18', '3.2.2.-; 4.2.99.18', '3.2.2.-; 4.2.99.18', '3.2.2.-; 4.2.99.18', '3.2.2.-; 4.2.99.18', '3.2.2.23; 4.2.99.18', '3.2.2.-; 4.2.99.18', '3.2.2.23; 4.2.99.18', '3.2.2.-; 4.2.99.18', '3.2.2.-; 4.2.99.18', '3.2.2.23; 4.2.99.18', '4.2.99.18', '3.2.2.23; 4.2.99.18', '3.2.2.-; 4.2.99.18', '4.2.99.18', '3.2.2.-; 4.2.99.18', '3.2.2.-; 4.2.99.18', '3.2.2.-; 4.2.99.18', '3.2.2.23; 4.2.99.18', '3.2.2.-; 4.2.99.18', '3.2.2.23; 4.2.99.18', '3.2.2.-; 4.2.99.18', '3.2.2.-; 4.2.99.18', '3.2.2.-; 4.2.99.18', '3.2.2.-; 4.2.99.18', '3.2.2.-; 4.2.99.18', '3.2.2.-; 4.2.99.18', '3.2.2.-; 4.2.99.18', '3.2.2.-; 4.2.99.18', '3.2.2.23; 4.2.99.18', '3.2.2.-; 4.2.99.18', '3.2.2.-; 4.2.99.18', '3.2.2.-; 4.2.99.18', '4.2.99.18', '3.2.2.-; 4.2.99.18', '3.2.2.-; 4.2.99.18', '3.2.2.-; 4.2.99.18', '3.2.2.23; 4.2.99.18', '3.2.2.-; 4.2.99.18', '3.2.2.-; 4.2.99.18', '3.2.2.-; 4.2.99.18', '4.2.99.18', '3.2.2.-; 4.2.99.18', '3.2.2.-; 4.2.99.18', '3.2.2.-; 4.2.99.18', '3.2.2.-; 4.2.99.18', '3.2.2.23; 4.2.99.18', '3.2.2.23; 4.2.99.18', '3.2.2.23; 4.2.99.18', '4.2.99.18', '4.2.99.18', '3.2.2.-; 4.2.99.18', '3.2.2.23; 4.2.99.18', '3.2.2.23; 4.2.99.18', '3.2.2.-; 4.2.99.18', '3.2.2.-; 4.2.99.18', '4.2.99.18', '3.2.2.-; 4.2.99.18', '3.2.2.-; 4.2.99.18']",,0.8236050102072703,512,,1.0,1.0
test-ec-onehot-uniref,ba63000,4.2.1.33,no-tax,train_common,900,0.9966666666666667,0.9966666666666667,897,1.0,897,4.0,1.0,897,294.9092664092664,,,,,1.0,,0.821636408026756,0.007803790412486065,0.10033444816053512,"['4.2.1.33', '4.2.1.33', '4.2.1.33', '4.2.1.33', '4.2.1.33', '4.2.1.33', '4.2.1.33', '4.2.1.33', '4.2.1.33', '4.2.1.33', '4.2.1.33', '4.2.1.33', '4.2.1.33', '4.2.1.33', '4.2.1.33', '4.2.1.33', '4.2.1.33', '4.2.1.33', '4.2.1.33', '4.2.1.33', '4.2.1.33', '4.2.1.33', '4.2.1.33', '4.2.1.33', '4.2.1.33', '4.2.1.33', '4.2.1.33', '4.2.1.33', '4.2.1.33', '4.2.1.33', '4.2.1.33', '4.2.1.33', '4.2.1.33', '4.2.1.33', '4.2.1.33', '4.2.1.33', '4.2.1.33', '4.2.1.33', '4.2.1.33', '4.2.1.33', '4.2.1.33', '4.2.1.33', '4.2.1.33', '4.2.1.33', '4.2.1.33', '4.2.1.33', '4.2.1.33', '4.2.1.33', '4.2.1.33', '4.2.1.33', '4.2.1.33', '4.2.1.33', '4.2.1.33', '4.2.1.33', '4.2.1.33', '4.2.1.33', '4.2.1.33', '4.2.1.33', '4.2.1.33', '4.2.1.33', '4.2.1.33', '4.2.1.33', '4.2.1.33', '4.2.1.33', '4.2.1.33', '4.2.1.33', '4.2.1.33', '4.2.1.33', '4.2.1.33', '4.2.1.33', '4.2.1.33', '4.2.1.33', '4.2.1.33', '4.2.1.33', '4.2.1.33', '4.2.1.33', '4.2.1.33', '4.2.1.33', '4.2.1.33', '4.2.1.33', '4.2.1.33', '4.2.1.33', '4.2.1.33', '4.2.1.33', '4.2.1.33', '4.2.1.33', '4.2.1.33', '4.2.1.33', '4.2.1.33', '4.2.1.33', '4.2.1.33', '4.2.1.33', '4.2.1.33', '4.2.1.33', '4.2.1.33', '4.2.1.33', '4.2.1.33', '4.2.1.33', '4.2.1.33', '4.2.1.33', '4.2.1.33', '4.2.1.33', '4.2.1.33', '4.2.1.33', '4.2.1.33', '4.2.1.33', '4.2.1.33', '4.2.1.33', '4.2.1.33', '4.2.1.33', '4.2.1.33', '4.2.1.33', '4.2.1.33', '4.2.1.33', '4.2.1.33', '4.2.1.33', '4.2.1.33', '4.2.1.33', '4.2.1.33', '4.2.1.33', '4.2.1.33', '4.2.1.33', '4.2.1.33', '4.2.1.33', '4.2.1.33', '4.2.1.33', '4.2.1.33', '4.2.1.33', '4.2.1.33', '4.2.1.33', '4.2.1.33', '4.2.1.33', '4.2.1.33', '4.2.1.33', '4.2.1.33', '4.2.1.33', '4.2.1.33', '4.2.1.33', '4.2.1.33', '4.2.1.33', '4.2.1.33', '4.2.1.33', '4.2.1.33', '4.2.1.33', '4.2.1.33', '4.2.1.33', '4.2.1.33', '4.2.1.33', '4.2.1.33', '4.2.1.33', '4.2.1.33', '4.2.1.33', '4.2.1.33', '4.2.1.33', '4.2.1.33', '4.2.1.33', '4.2.1.33', '4.2.1.33', '4.2.1.33', '4.2.1.33', '4.2.1.33', '4.2.1.33', '4.2.1.33', '4.2.1.33', '4.2.1.33', '4.2.1.33', '4.2.1.33', '4.2.1.33', '4.2.1.33', '4.2.1.33', '4.2.1.33', '4.2.1.33', '4.2.1.33', '4.2.1.33', '4.2.1.33', '4.2.1.33', '4.2.1.33', '4.2.1.33', '4.2.1.33', '4.2.1.33', '4.2.1.33', '4.2.1.33', '4.2.1.33', '4.2.1.33', '4.2.1.33', '4.2.1.33', '4.2.1.33', '4.2.1.33', '4.2.1.33', '4.2.1.33', '4.2.1.33', '4.2.1.33', '4.2.1.33', '4.2.1.33', '4.2.1.33', '4.2.1.33', '4.2.1.33', '4.2.1.33', '4.2.1.33', '4.2.1.33', '4.2.1.33', '4.2.1.33', '4.2.1.33', '4.2.1.33', '4.2.1.33', '4.2.1.33', '4.2.1.33', '4.2.1.33', '4.2.1.33', '4.2.1.33', '4.2.1.33', '4.2.1.33', '4.2.1.33', '4.2.1.33', '4.2.1.33', '4.2.1.33', '4.2.1.33', '4.2.1.33', '4.2.1.33', '4.2.1.33', '4.2.1.33', '4.2.1.33', '4.2.1.33', '4.2.1.33', '4.2.1.33', '4.2.1.33', '4.2.1.33', '4.2.1.33', '4.2.1.33', '4.2.1.33', '4.2.1.33', '4.2.1.33', '4.2.1.33', '4.2.1.33', '4.2.1.33', '4.2.1.33', '4.2.1.33', '4.2.1.33', '4.2.1.33', '4.2.1.33', '4.2.1.33', '4.2.1.33', '4.2.1.33', '4.2.1.33', '4.2.1.33', '4.2.1.33', '4.2.1.33', '4.2.1.33', '4.2.1.33', '4.2.1.33', '4.2.1.33', '4.2.1.33', '4.2.1.33', '4.2.1.33', '4.2.1.33', '4.2.1.33', '4.2.1.33', '4.2.1.33', '4.2.1.33', '4.2.1.33', '4.2.1.33', '4.2.1.33', '4.2.1.33', '4.2.1.33', '4.2.1.33', '4.2.1.33', '4.2.1.33', '4.2.1.33', '4.2.1.33', '4.2.1.33', '4.2.1.33', '4.2.1.33', '4.2.1.33', '4.2.1.33', '4.2.1.33', '4.2.1.33', '4.2.1.33', '4.2.1.33', '4.2.1.33', '4.2.1.33', '4.2.1.33', '4.2.1.33', '4.2.1.33', '4.2.1.33', '4.2.1.33', '4.2.1.33', '4.2.1.33', '4.2.1.33', '4.2.1.33', '4.2.1.33', '4.2.1.33', '4.2.1.33', '4.2.1.33', '4.2.1.33', '4.2.1.33', '4.2.1.33', '4.2.1.33', '4.2.1.33', '4.2.1.33', '4.2.1.33', '4.2.1.33', '4.2.1.33', '4.2.1.33', '4.2.1.33', '4.2.1.33', '4.2.1.33', '4.2.1.33', '4.2.1.33', '4.2.1.33', '4.2.1.33', '4.2.1.33', '4.2.1.33', '4.2.1.33', '4.2.1.33', '4.2.1.33', '4.2.1.33', '4.2.1.33', '4.2.1.33', '4.2.1.33', '4.2.1.33', '4.2.1.33', '4.2.1.33', '4.2.1.33', '4.2.1.33', '4.2.1.33', '4.2.1.33', '4.2.1.33', '4.2.1.33', '4.2.1.33', '4.2.1.33', '4.2.1.33', '4.2.1.33', '4.2.1.33', '4.2.1.33', '4.2.1.33', '4.2.1.33', '4.2.1.33', '4.2.1.33', '4.2.1.33', '4.2.1.33', '4.2.1.33', '4.2.1.33', '4.2.1.33', '4.2.1.33', '4.2.1.33', '4.2.1.33', '4.2.1.33', '4.2.1.33', '4.2.1.33', '4.2.1.33', '4.2.1.33', '4.2.1.33', '4.2.1.33', '4.2.1.33', '4.2.1.33', '4.2.1.33', '4.2.1.33', '4.2.1.33', '4.2.1.33', '4.2.1.33', '4.2.1.33', '4.2.1.33', '4.2.1.33', '4.2.1.33', '4.2.1.33', '4.2.1.33', '4.2.1.33', '4.2.1.33', '4.2.1.33', '4.2.1.33', '4.2.1.33', '4.2.1.33', '4.2.1.33', '4.2.1.33', '4.2.1.33', '4.2.1.33', '4.2.1.33', '4.2.1.33', '4.2.1.33', '4.2.1.33', '4.2.1.33', '4.2.1.33', '4.2.1.33', '4.2.1.33', '4.2.1.33', '4.2.1.33', '4.2.1.33', '4.2.1.33', '4.2.1.33', '4.2.1.33', '4.2.1.33', '4.2.1.33', '4.2.1.33', '4.2.1.33', '4.2.1.33', '4.2.1.33', '4.2.1.33', '4.2.1.33', '4.2.1.33', '4.2.1.33', '4.2.1.33', '4.2.1.33', '4.2.1.33', '4.2.1.33', '4.2.1.33', '4.2.1.33', '4.2.1.33', '4.2.1.33', '4.2.1.33', '4.2.1.33', '4.2.1.33', '4.2.1.33', '4.2.1.33', '4.2.1.33', '4.2.1.33', '4.2.1.33', '4.2.1.33', '4.2.1.33', '4.2.1.33', '4.2.1.33', '4.2.1.33', '4.2.1.33', '4.2.1.33', '4.2.1.33', '4.2.1.33', '4.2.1.33', '4.2.1.33', '4.2.1.33', '4.2.1.33', '4.2.1.33', '4.2.1.33', '4.2.1.33', '4.2.1.33', '4.2.1.33', '4.2.1.33', '4.2.1.33', '4.2.1.33', '4.2.1.33', '4.2.1.33', '4.2.1.33', '4.2.1.33', '4.2.1.33', '4.2.1.33', '4.2.1.33', '4.2.1.33', '4.2.1.33', '4.2.1.33', '4.2.1.33', '4.2.1.33', '4.2.1.33', '4.2.1.33', '4.2.1.33', '4.2.1.33', '4.2.1.33', '4.2.1.33', '4.2.1.33', '4.2.1.33', '4.2.1.33', '4.2.1.33', '4.2.1.33', '4.2.1.33', '4.2.1.33', '4.2.1.33', '4.2.1.33', '4.2.1.33', '4.2.1.33', '4.2.1.33', '4.2.1.33', '4.2.1.33', '4.2.1.33', '4.2.1.33', '4.2.1.33', '4.2.1.33', '4.2.1.33', '4.2.1.33', '4.2.1.33', '4.2.1.33', '4.2.1.33', '4.2.1.33', '4.2.1.33', '4.2.1.33', '4.2.1.33', '4.2.1.33', '4.2.1.33', '4.2.1.33', '4.2.1.33', '4.2.1.33', '4.2.1.33', '4.2.1.33', '4.2.1.33', '4.2.1.33', '4.2.1.33', '4.2.1.33', '4.2.1.33', '4.2.1.33', '4.2.1.33', '4.2.1.33', '4.2.1.33', '4.2.1.33', '4.2.1.33', '4.2.1.33', '4.2.1.33', '4.2.1.33', '4.2.1.33', '4.2.1.33', '4.2.1.33', '4.2.1.33', '4.2.1.33', '4.2.1.33', '4.2.1.33', '4.2.1.33', '4.2.1.33', '4.2.1.33', '4.2.1.33', '4.2.1.33', '4.2.1.33', '4.2.1.33', '4.2.1.33', '4.2.1.33', '4.2.1.33', '4.2.1.33', '4.2.1.33', '4.2.1.33', '4.2.1.33', '4.2.1.33', '4.2.1.33', '4.2.1.33', '4.2.1.33', '4.2.1.33', '4.2.1.33', '4.2.1.33', '4.2.1.33', '4.2.1.33', '4.2.1.33', '4.2.1.33', '4.2.1.33', '4.2.1.33', '4.2.1.33', '4.2.1.33', '4.2.1.33', '4.2.1.33', '4.2.1.33', '4.2.1.33', '4.2.1.33', '4.2.1.33', '4.2.1.33', '4.2.1.33', '4.2.1.33', '4.2.1.33', '4.2.1.33', '4.2.1.33', '4.2.1.33', '4.2.1.33', '4.2.1.33', '4.2.1.33', '4.2.1.33', '4.2.1.33', '4.2.1.33', '4.2.1.33', '4.2.1.33', '4.2.1.33', '4.2.1.33', '4.2.1.33', '4.2.1.33', '4.2.1.33', '4.2.1.33', '4.2.1.33', '4.2.1.33', '4.2.1.33', '4.2.1.33', '4.2.1.33', '4.2.1.33', '4.2.1.33', '4.2.1.33', '4.2.1.33', '4.2.1.33', '4.2.1.33', '4.2.1.33', '4.2.1.33', '4.2.1.33', '4.2.1.33', '4.2.1.33', '4.2.1.33', '4.2.1.33', '4.2.1.33', '4.2.1.33', '4.2.1.33', '4.2.1.33', '4.2.1.33', '4.2.1.33', '4.2.1.33', '4.2.1.33', '4.2.1.33', '4.2.1.33', '4.2.1.33', '4.2.1.33', '4.2.1.33', '4.2.1.33', '4.2.1.33', '4.2.1.33', '4.2.1.33', '4.2.1.33', '4.2.1.33', '4.2.1.33', '4.2.1.33', '4.2.1.33', '4.2.1.33', '4.2.1.33', '4.2.1.33', '4.2.1.33', '4.2.1.33', '4.2.1.33', '4.2.1.33', '4.2.1.33', '4.2.1.33', '4.2.1.33', '4.2.1.33', '4.2.1.33', '4.2.1.33', '4.2.1.33', '4.2.1.33', '4.2.1.33', '4.2.1.33', '4.2.1.33', '4.2.1.33', '4.2.1.33', '4.2.1.33', '4.2.1.33', '4.2.1.33', '4.2.1.33', '4.2.1.33', '4.2.1.33', '4.2.1.33', '4.2.1.33', '4.2.1.33', '4.2.1.33', '4.2.1.33', '4.2.1.33', '4.2.1.33', '4.2.1.33', '4.2.1.33', '4.2.1.33', '4.2.1.33', '4.2.1.33', '4.2.1.33', '4.2.1.33', '4.2.1.33', '4.2.1.33', '4.2.1.33', '4.2.1.33', '4.2.1.33', '4.2.1.33', '4.2.1.33', '4.2.1.33', '4.2.1.33', '4.2.1.33', '4.2.1.33', '4.2.1.33', '4.2.1.33', '4.2.1.33', '4.2.1.33', '4.2.1.33', '4.2.1.33', '4.2.1.33', '4.2.1.33', '4.2.1.33', '4.2.1.33', '4.2.1.33', '4.2.1.33', '4.2.1.33', '4.2.1.33', '4.2.1.33', '4.2.1.33', '4.2.1.33', '4.2.1.33', '4.2.1.33', '4.2.1.33', '4.2.1.33', '4.2.1.33', '4.2.1.33', '4.2.1.33', '4.2.1.33', '4.2.1.33', '4.2.1.33', '4.2.1.33', '4.2.1.33', '4.2.1.33', '4.2.1.33', '4.2.1.33', '4.2.1.33', '4.2.1.33', '4.2.1.33', '4.2.1.33', '4.2.1.33', '4.2.1.33', '4.2.1.33', '4.2.1.33', '4.2.1.33', '4.2.1.33', '4.2.1.33', '4.2.1.33', '4.2.1.33', '4.2.1.33', '4.2.1.33', '4.2.1.33', '4.2.1.33', '4.2.1.33', '4.2.1.33', '4.2.1.33', '4.2.1.33', '4.2.1.33', '4.2.1.33', '4.2.1.33', '4.2.1.33', '4.2.1.33', '4.2.1.33', '4.2.1.33', '4.2.1.33', '4.2.1.33', '4.2.1.33', '4.2.1.33', '4.2.1.33', '4.2.1.33', '4.2.1.33', '4.2.1.33', '4.2.1.33', '4.2.1.33', '4.2.1.33', '4.2.1.33', '4.2.1.33', '4.2.1.33', '4.2.1.33', '4.2.1.33', '4.2.1.33', '4.2.1.33', '4.2.1.33', '4.2.1.33', '4.2.1.33', '4.2.1.33', '4.2.1.33', '4.2.1.33', '4.2.1.33', '4.2.1.33', '4.2.1.33', '4.2.1.33', '4.2.1.33', '4.2.1.33', '4.2.1.33', '4.2.1.33', '4.2.1.33', '4.2.1.33', '4.2.1.33', '4.2.1.33', '4.2.1.33', '4.2.1.33', '4.2.1.33', '4.2.1.33', '4.2.1.33', '4.2.1.33', '4.2.1.33', '4.2.1.33', '4.2.1.33', '4.2.1.33', '4.2.1.33', '4.2.1.33', '4.2.1.33', '4.2.1.33', '4.2.1.33', '4.2.1.33', '4.2.1.33', '4.2.1.33', '4.2.1.33', '4.2.1.33', '4.2.1.33', '4.2.1.33', '4.2.1.33', '4.2.1.33', '4.2.1.33', '4.2.1.33', '4.2.1.33', '4.2.1.33', '4.2.1.33', '4.2.1.33', '4.2.1.33', '4.2.1.33', '4.2.1.33', '4.2.1.33', '4.2.1.33', '4.2.1.33', '4.2.1.33', '4.2.1.33', '4.2.1.33', '4.2.1.33', '4.2.1.33', '4.2.1.33', '4.2.1.33', '4.2.1.33', '4.2.1.33', '4.2.1.33', '4.2.1.33', '4.2.1.33', '4.2.1.33', '4.2.1.33', '4.2.1.33', '4.2.1.33', '4.2.1.33', '4.2.1.33', '4.2.1.33', '4.2.1.33', '4.2.1.33', '4.2.1.33', '4.2.1.33', '4.2.1.33', '4.2.1.33', '4.2.1.33', '4.2.1.33', '4.2.1.33', '4.2.1.33', '4.2.1.33', '4.2.1.33', '4.2.1.33', '4.2.1.33', '4.2.1.33', '4.2.1.33', '4.2.1.33', '4.2.1.33', '4.2.1.33', '4.2.1.33', '4.2.1.33', '4.2.1.33', '4.2.1.33', '4.2.1.33', '4.2.1.33', '4.2.1.33', '4.2.1.33', '4.2.1.33', '4.2.1.33', '4.2.1.33', '4.2.1.33', '4.2.1.33', '4.2.1.33', '4.2.1.33', '4.2.1.33', '4.2.1.33', '4.2.1.33', '4.2.1.33', '4.2.1.33', '4.2.1.33', '4.2.1.33', '4.2.1.33', '4.2.1.33', '4.2.1.33', '4.2.1.33', '4.2.1.33', '4.2.1.33', '4.2.1.33', '4.2.1.33', '4.2.1.33', '4.2.1.33', '4.2.1.33', '4.2.1.33', '4.2.1.33', '4.2.1.33', '4.2.1.33', '4.2.1.33', '4.2.1.33', '4.2.1.33', '4.2.1.33', '4.2.1.33', '4.2.1.33', '4.2.1.33', '4.2.1.33', '4.2.1.33', '4.2.1.33', '4.2.1.33', '4.2.1.33', '4.2.1.33', '4.2.1.33', '4.2.1.33', '4.2.1.33', '4.2.1.33', '4.2.1.33', '4.2.1.33', '4.2.1.33', '4.2.1.33', '4.2.1.33', '4.2.1.33', '4.2.1.33', '4.2.1.33', '4.2.1.33', '4.2.1.33', '4.2.1.33', '4.2.1.33', '4.2.1.33', '4.2.1.33', '4.2.1.33', '4.2.1.33']",,0.8149395614862442,518,,1.0000001192092896,1.0000001192092896
test-ec-onehot-uniref,ba63000,4.2.1.20,no-tax,train_common,900,0.86,0.8544444444444445,769,1.0,769,3.9895968790637193,0.9960988296488946,766,254.0351344134459,,,,,0.9960988296488946,,0.7404971794538361,0.02990897269180754,0.37451235370611186,"['4.2.1.20', '4.2.1.20', '4.2.1.20', '4.2.1.20', '4.2.1.20', '4.2.1.20', '4.2.1.20', '4.2.1.20', '4.2.1.20', '4.2.1.20', '4.2.1.20', '4.2.1.20', '4.2.1.20', '4.2.1.20', '4.2.1.20', '4.2.1.20', '4.2.1.20', '4.2.1.20', '4.2.1.20', '4.2.1.20', '4.2.1.20', '4.2.1.20', '4.2.1.20', '4.2.1.20', '4.2.1.20', '4.2.1.20', '4.2.1.20', '4.2.1.20', '4.2.1.20', '4.2.1.20', '4.2.1.20', '4.2.1.20', '4.2.1.20', '4.2.1.20', '4.2.1.20', '4.2.1.20', '4.2.1.20', '4.2.1.20', '4.2.1.20', '4.2.1.20', '4.2.1.20', '4.2.1.20', '4.2.1.20', '4.2.1.20', '4.2.1.20', '4.2.1.20', '4.2.1.20', '4.2.1.20', '4.2.1.20', '4.2.1.20', '4.2.1.20', '4.2.1.20', '4.2.1.20', '4.2.1.20', '4.2.1.20', '4.2.1.20', '4.2.1.20', '4.2.1.20', '4.2.1.20', '4.2.1.20', '4.2.1.20', '4.2.1.20', '4.2.1.20', '4.2.1.20', '4.2.1.20', '4.2.1.20', '4.2.1.20', '4.2.1.20', '4.2.1.20', '4.2.1.20', '4.2.1.20', '4.2.1.20', '4.2.1.20', '4.2.1.20', '4.2.1.20', '4.2.1.20', '4.2.1.20', '4.2.1.20', '4.2.1.20', '4.2.1.20', '4.2.1.20', '4.2.1.20', '4.2.1.20', '4.2.1.20', '4.2.1.20', '4.2.1.20', '4.2.1.20', '4.2.1.20', '4.2.1.20', '4.2.1.20', '4.2.1.20', '4.2.1.20', '4.2.1.20', '4.2.1.20', '4.2.1.20', '4.2.1.20', '4.2.1.20', '4.2.1.20', '4.2.1.20', '4.2.1.20', '4.2.1.20', '4.2.1.20', '4.2.1.20', '4.2.1.20', '4.2.1.20', '4.2.1.20', '4.2.1.20', '4.2.1.20', '4.2.1.20', '4.2.1.20', '4.2.1.20', '4.2.1.20', '4.2.1.20', '4.2.1.20', '4.2.1.20', '4.2.1.20', '4.2.1.20', '4.2.1.20', '4.2.1.20', '4.2.1.20', '4.2.1.20', '4.2.1.20', '4.2.1.20', '4.2.1.20', '4.2.1.20', '4.2.1.20', '4.2.1.20', '4.2.1.20', '4.2.1.20', '4.2.1.20', '4.2.1.20', '4.2.1.20', '4.2.1.20', '4.2.1.20', '4.2.1.20', '4.2.1.20', '4.2.1.20', '4.2.1.20', '4.2.1.20', '4.2.1.20', '4.2.1.20', '4.2.1.20', '4.2.1.20', '4.2.1.20', '4.2.1.20', '4.2.1.20', '4.2.1.20', '4.2.1.20', '4.2.1.20', '4.2.1.20', '4.2.1.20', '4.2.1.20', '4.2.1.20', '4.2.1.20', '4.2.1.20', '4.2.1.20', '4.2.1.20', '4.2.1.20', '4.2.1.20', '4.2.1.20', '4.2.1.20', '4.2.1.20', '4.2.1.20', '4.2.1.20', '4.2.1.20', '4.2.1.20', '4.2.1.20', '4.2.1.20', '4.2.1.20', '4.2.1.20', '4.2.1.20', '4.2.1.20', '4.2.1.20', '4.2.1.20', '4.2.1.20', '4.2.1.20', '4.2.1.20', '4.2.1.20', '4.2.1.20', '4.2.1.20', '4.2.1.20', '4.2.1.20', '4.2.1.20', '4.2.1.20', '4.2.1.20', '4.2.1.20', '4.2.1.20', '4.2.1.20', '4.2.1.20', '4.2.1.20', '4.2.1.20', '4.2.1.20', '4.2.1.20', '4.2.1.20', '4.2.1.20', '4.2.1.20', '4.2.1.20', '4.2.1.20', '4.2.1.20', '4.2.1.20', '4.2.1.20', '4.2.1.20', '4.2.1.20', '4.2.1.20', '4.2.1.20', '4.2.1.20', '4.2.1.20', '4.2.1.20', '4.2.1.20', '4.2.1.20', '4.2.1.20', '4.2.1.20', '4.2.1.20', '4.2.1.20', '4.2.1.20', '4.2.1.20', '4.2.1.20', '4.2.1.20', '4.2.1.20', '4.2.1.20', '4.2.1.20', '4.2.1.20', '4.2.1.20', '4.2.1.20', '4.2.1.20', '4.2.1.20', '4.2.1.20', '4.2.1.20', '4.2.1.20', '4.2.1.20', '4.2.1.20', '4.2.1.20', '4.2.1.20', '4.2.1.20', '4.2.1.20', '4.2.1.20', '4.2.1.20', '4.2.1.20', '4.2.1.20', '4.2.1.20', '4.2.1.20', '4.2.1.20', '4.2.1.20', '4.2.1.20', '4.2.1.20', '4.2.1.20', '4.2.1.20', '4.2.1.20', '4.2.1.20', '4.2.1.20', '4.2.1.20', '4.2.1.20', '4.2.1.20', '4.2.1.20', '4.2.1.20', '4.2.1.20', '4.2.1.20', '4.2.1.20', '4.2.1.20', '4.2.1.20', '4.2.1.20', '4.2.1.20', '4.2.1.20', '4.2.1.20', '4.2.1.20', '4.2.1.20', '4.2.1.20', '4.2.1.20', '4.2.1.20', '4.2.1.20', '4.2.1.20', '4.2.1.20', '4.2.1.20', '4.2.1.20', '4.2.1.20', '4.2.1.20', '4.2.1.20', '4.2.1.20', '4.2.1.20', '4.2.1.20', '4.2.1.20', '4.2.1.20', '4.2.1.20', '4.2.1.20', '4.2.1.20', '4.2.1.20', '4.2.1.20', '4.2.1.20', '4.2.1.20', '4.2.1.20', '4.2.1.20', '4.2.1.20', '4.2.1.20', '4.2.1.20', '4.2.1.20', '4.2.1.20', '4.2.1.20', '4.2.1.20', '4.2.1.20', '4.2.1.20', '4.2.1.20', '4.2.1.20', '4.2.1.20', '4.2.1.20', '4.2.1.20', '4.2.1.20', '4.2.1.20', '4.2.1.20', '4.2.1.20', '4.2.1.20', '4.2.1.20', '4.2.1.20', '4.2.1.20', '4.2.1.20', '4.2.1.20', '4.2.1.20', '4.2.1.20', '4.2.1.20', '4.2.1.20', '4.2.1.20', '4.2.1.20', '4.2.1.20', '4.2.1.20', '4.2.1.20', '4.2.1.20', '4.2.1.20', '4.2.1.20', '4.2.1.20', '4.2.1.20', '4.2.1.20', '4.2.1.20', '4.2.1.20', '4.2.1.20', '4.2.1.20', '4.2.1.20', '4.2.1.20', '4.2.1.20', '4.2.1.20', '4.2.1.20', '4.2.1.20', '4.2.1.20', '4.2.1.20', '4.2.1.20', '4.2.1.20', '4.2.1.20', '4.2.1.20', '4.2.1.20', '4.2.1.20', '4.2.1.20', '4.2.1.20', '4.2.1.20', '4.2.1.70', '4.2.1.20', '4.2.1.20', '4.2.1.20', '4.2.1.20', '4.2.1.20', '4.2.1.20', '4.2.1.20', '4.2.1.20', '4.2.1.20', '4.2.1.20', '4.2.1.20', '4.2.1.20', '4.2.1.20', '4.2.1.20', '4.2.1.20', '4.2.1.20', '4.2.1.20', '4.2.1.20', '4.2.1.20', '4.2.1.20', '4.2.1.20', '4.2.1.20', '4.2.1.20', '4.2.1.20', '4.2.1.20', '4.2.1.20', '4.2.1.20', '4.3.3.7', '4.2.1.20', '4.2.1.20', '4.2.1.20', '4.2.1.20', '4.2.1.20', '4.2.1.20', '4.2.1.20', '4.2.1.20', '4.2.1.20', '4.2.1.20', '4.2.1.20', '4.2.1.20', '4.2.1.20', '4.2.1.20', '4.2.1.20', '4.2.1.20', '4.2.1.20', '4.2.1.20', '4.2.1.20', '4.2.1.20', '4.2.1.20', '4.2.1.20', '4.2.1.20', '4.2.1.20', '4.2.1.20', '4.2.1.20', '4.2.1.20', '4.2.1.20', '4.2.1.20', '4.2.1.20', '4.2.1.20', '4.2.1.20', '4.2.1.20', '4.2.1.20', '4.2.1.20', '4.2.1.20', '4.2.1.20', '4.2.1.20', '4.2.1.20', '4.2.1.20', '4.2.1.20', '4.2.1.20', '4.2.1.20', '4.2.1.20', '4.2.1.20', '4.2.1.20', '4.2.1.20', '4.2.1.20', '4.2.1.20', '4.2.1.20', '4.2.1.20', '4.2.1.20', '4.2.1.20', '4.2.1.20', '4.2.1.20', '4.2.1.20', '4.2.1.20', '4.2.1.20', '4.2.1.20', '4.2.1.20', '4.2.1.20', '4.2.1.20', '4.2.1.20', '4.2.1.20', '4.2.1.20', '4.2.1.20', '4.2.1.20', '4.2.1.20', '4.2.1.20', '4.2.1.20', '4.2.1.20', '4.2.1.20', '4.2.1.20', '4.2.1.20', '4.2.1.20', '4.2.1.20', '4.2.1.20', '4.2.1.20', '4.2.1.20', '4.2.1.20', '4.2.1.20', '4.2.1.20', '4.2.1.20', '4.2.1.20', '4.2.1.20', '4.2.1.20', '4.2.1.20', '4.2.1.20', '4.2.1.20', '4.2.1.20', '4.2.1.20', '4.2.1.20', '4.2.1.20', '4.2.1.20', '4.2.1.20', '4.2.1.20', '4.2.1.20', '4.2.1.20', '4.2.1.20', '4.2.1.20', '4.2.1.20', '4.2.1.20', '4.2.1.20', '4.2.1.20', '4.2.1.20', '4.2.1.20', '4.2.1.20', '4.2.1.20', '4.2.1.20', '4.2.1.20', '4.2.1.20', '4.2.1.20', '4.2.1.20', '4.2.1.20', '4.2.1.20', '4.2.1.20', '4.2.1.20', '4.2.1.20', '4.2.1.20', '4.2.1.20', '4.2.1.20', '4.2.1.20', '4.2.1.20', '4.2.1.20', '4.2.1.20', '4.2.1.20', '4.2.1.20', '4.2.1.20', '4.2.1.20', '4.2.1.20', '4.2.1.20', '4.2.1.20', '4.2.1.20', '4.2.1.20', '4.2.1.20', '4.2.1.20', '4.2.1.20', '4.2.1.20', '4.2.1.20', '4.2.1.20', '4.2.1.20', '4.2.1.20', '4.2.1.20', '4.2.1.20', '4.2.1.20', '4.2.1.20', '4.2.1.20', '4.2.1.20', '4.2.1.20', '4.2.1.20', '4.2.1.20', '4.2.1.20', '4.2.1.20', '4.2.1.20', '4.2.1.20', '4.2.1.20', '4.2.1.20', '4.2.1.20', '4.2.1.20', '4.2.1.20', '4.2.1.20', '4.2.1.20', '4.2.1.20', '4.2.1.20', '4.2.1.20', '4.2.1.20', '4.2.1.20', '4.2.1.20', '4.2.1.20', '4.2.1.20', '4.2.1.20', '4.2.1.20', '1.5.98.2', '4.2.1.20', '4.2.1.20', '4.2.1.20', '4.2.1.20', '4.2.1.20', '4.2.1.20', '4.2.1.20', '4.2.1.20', '4.2.1.20', '4.2.1.20', '4.2.1.20', '4.2.1.20', '4.2.1.20', '4.2.1.20', '4.2.1.20', '4.2.1.20', '4.2.1.20', '4.2.1.20', '4.2.1.20', '4.2.1.20', '4.2.1.20', '4.2.1.20', '4.2.1.20', '4.2.1.20', '4.2.1.20', '4.2.1.20', '4.2.1.20', '4.2.1.20', '4.2.1.20', '4.2.1.20', '4.2.1.20', '4.2.1.20', '4.2.1.20', '4.2.1.20', '4.2.1.20', '4.2.1.20', '4.2.1.20', '4.2.1.20', '4.2.1.20', '4.2.1.20', '4.2.1.20', '4.2.1.20', '4.2.1.20', '4.2.1.20', '4.2.1.20', '4.2.1.20', '4.2.1.20', '4.2.1.20', '4.2.1.20', '4.2.1.20', '4.2.1.20', '4.2.1.20', '4.2.1.20', '4.2.1.20', '4.2.1.20', '4.2.1.20', '4.2.1.20', '4.2.1.20', '4.2.1.20', '4.2.1.20', '4.2.1.20', '4.2.1.20', '4.2.1.20', '4.2.1.20', '4.2.1.20', '4.2.1.20', '4.2.1.20', '4.2.1.20', '4.2.1.20', '4.2.1.20', '4.2.1.20', '4.2.1.20', '4.2.1.20', '4.2.1.20', '4.2.1.20', '4.2.1.20', '4.2.1.20', '4.2.1.20', '4.2.1.20', '4.2.1.20', '4.2.1.20', '4.2.1.20', '4.2.1.20', '4.2.1.20', '4.2.1.20', '4.2.1.20', '4.2.1.20', '4.2.1.20', '4.2.1.20', '4.2.1.20', '4.2.1.20', '4.2.1.20', '4.2.1.20', '4.2.1.20', '4.2.1.20', '4.2.1.20', '4.2.1.20', '4.2.1.20', '4.2.1.20', '4.2.1.20', '4.2.1.20', '4.2.1.20', '4.2.1.20', '4.2.1.20', '4.2.1.20', '4.2.1.20', '4.2.1.20', '4.2.1.20', '4.2.1.20', '4.2.1.20', '4.2.1.20', '4.2.1.20', '4.2.1.20', '4.2.1.20', '4.2.1.20', '4.2.1.20', '4.2.1.20', '4.2.1.20', '4.2.1.20', '4.2.1.20', '4.2.1.20', '4.2.1.20', '4.2.1.20', '4.2.1.20', '4.2.1.20', '4.2.1.20', '4.2.1.20', '4.2.1.20', '4.2.1.20', '4.2.1.20', '4.2.1.20', '4.2.1.20', '4.2.1.20', '4.2.1.20', '4.2.1.20', '4.2.1.20', '4.2.1.20', '4.2.1.20', '4.2.1.20', '4.2.1.20', '4.2.1.20', '4.2.1.20', '4.2.1.20', '4.2.1.20', '4.2.1.20', '4.2.1.20', '4.2.1.20', '4.2.1.20', '4.2.1.20', '4.2.1.20', '4.2.1.20', '4.2.1.20', '4.2.1.20', '4.2.1.20', '4.2.1.20', '4.2.1.20', '4.2.1.20', '4.2.1.20', '4.2.1.20', '4.2.1.20', '4.2.1.20', '4.2.1.20', '4.2.1.20', '4.2.1.20', '4.2.1.20', '4.2.1.20', '4.2.1.20', '4.2.1.20', '4.2.1.20', '4.2.1.20', '4.2.1.20', '4.2.1.20', '4.2.1.20', '4.2.1.20', '4.2.1.20', '4.2.1.20', '4.2.1.20', '4.2.1.20', '4.2.1.20', '4.2.1.20', '4.2.1.20', '4.2.1.20', '4.2.1.20', '4.2.1.20', '4.2.1.20', '4.2.1.20', '4.2.1.20', '4.2.1.20', '4.2.1.20', '4.2.1.20', '4.2.1.20', '4.2.1.20', '4.2.1.20', '4.2.1.20', '4.2.1.20', '4.2.1.20', '4.2.1.20', '4.2.1.20', '4.2.1.20', '4.2.1.20', '4.2.1.20', '4.2.1.20', '4.2.1.20', '4.2.1.20', '4.2.1.20', '4.2.1.20', '4.2.1.20', '4.2.1.20', '4.2.1.20', '4.2.1.20', '4.2.1.20', '4.2.1.20', '4.2.1.20', '4.2.1.20', '4.2.1.20', '4.2.1.20']",,0.8811886411905289,599,,0.9999998807907104,0.9999998807907104
test-ec-onehot-uniref,ba63000,2.7.11.1,no-tax,train_common,900,0.14333333333333334,0.11666666666666667,105,0.8857142857142857,93,3.4623655913978495,0.6881720430107527,64,48.58004889392404,,,,,0.6881720430107527,,0.8886007956989248,0.21505376344086022,0.25806451612903225,"['6.1.1.6', '2.7.11.1', '2.7.11.1', '2.7.11.1', '2.7.11.1', '2.7.11.1', '2.7.11.1', '2.7.11.1', '2.7.11.1', '2.7.11.1', '2.7.11.1', '6.3.5.7', '2.7.11.1', '2.7.11.1', '2.7.11.1; 2.7.11.26', '2.7.11.1', '2.7.11.1', '2.7.11.1', '1.1.1.36', '2.7.11.1', '2.7.11.1', '2.7.11.1', '2.7.11.1', '2.7.11.1', '2.7.11.1', '2.7.11.1', '2.7.11.1', '2.7.11.1', '4.2.1.33', '2.7.11.1', '2.7.11.1', '2.7.11.1', '2.7.11.1', '1.1.1.100', '2.7.11.1', '2.7.11.1; 2.7.11.26', '2.7.11.1', '2.7.4.6', '2.7.11.1', '2.7.11.1', '2.7.11.1', '2.7.11.1', '2.7.11.1', '2.7.11.1; 2.7.11.26', '6.3.2.12; 6.3.2.17', '2.7.11.1; 2.7.11.26', '2.7.11.1', '2.7.11.1', '2.7.11.1', '2.7.11.1', '2.7.11.1', '2.7.11.1', '2.7.11.1', '2.7.11.1', '2.7.11.1; 2.7.11.26', '2.7.11.1', '2.7.11.1', '2.7.11.1; 2.7.11.26', '2.7.11.1', '4.2.1.33', '2.7.11.1', '2.7.11.1', '2.1.3.-', '2.7.11.1', '2.7.11.1; 2.7.11.26', '2.7.11.1', '2.7.11.1', '2.7.11.1', '2.7.11.1', '2.7.11.1; 2.7.11.26', '2.7.11.1', '2.7.11.1; 2.7.11.26', '2.7.11.1', '2.7.11.1; 2.7.11.26', '2.7.11.1', '6.2.1.2; 6.2.1.3; 6.2.1.42', '2.7.11.1; 2.7.11.26', '2.7.11.1', '5.1.3.2', '2.7.11.1; 2.7.11.26', '2.7.11.1', '2.7.11.1; 2.7.11.26', '2.7.11.1', '2.7.11.1', '2.7.11.1', '2.7.11.1; 2.7.11.26', '2.7.11.1', '2.7.11.1', '1.14.14.12', '2.7.11.1; 2.7.11.26', '3.5.99.10', '2.7.11.1', '2.7.11.11']",,0.8044076329097152,2164,,1.0,1.0
test-ec-onehot-uniref,ba63000,7.1.2.2,no-tax,train_common,900,0.9433333333333334,0.9422222222222222,848,1.0,848,4.0,1.0,848,180.357733175915,,,,,1.0,,0.9047585483490564,0.003537735849056604,0.041273584905660375,"['7.1.2.2', '7.1.2.2', '7.1.2.2', '7.1.2.2', '7.1.2.2', '7.1.2.2', '7.1.2.2', '7.1.2.2', '7.1.2.2', '7.1.2.2', '7.1.2.2', '7.1.2.2', '7.1.2.2', '7.1.2.2', '7.1.2.2', '7.1.2.2', '7.1.2.2', '7.1.2.2', '7.1.2.2', '7.1.2.2', '7.1.2.2', '7.1.2.2', '7.1.2.2', '7.1.2.2', '7.1.2.2', '7.1.2.2', '7.1.2.2', '7.1.2.2', '7.1.2.2', '7.1.2.2', '7.1.2.2', '7.1.2.2', '7.1.2.2', '7.1.2.2', '7.1.2.2', '7.1.2.2', '7.1.2.2', '7.1.2.2', '7.1.2.2', '7.1.2.2', '7.1.2.2', '7.1.2.2', '7.1.2.2', '7.1.2.2', '7.1.2.2', '7.1.2.2', '7.1.2.2', '7.1.2.2', '7.1.2.2', '7.1.2.2', '7.1.2.2', '7.1.2.2', '7.1.2.2', '7.1.2.2', '7.1.2.2', '7.1.2.2', '7.1.2.2', '7.1.2.2', '7.1.2.2', '7.1.2.2', '7.1.2.2', '7.1.2.2', '7.1.2.2', '7.1.2.2', '7.1.2.2', '7.1.2.2', '7.1.2.2', '7.1.2.2', '7.1.2.2', '7.1.2.2', '7.1.2.2', '7.1.2.2', '7.1.2.2', '7.1.2.2', '7.1.2.2', '7.1.2.2', '7.1.2.2', '7.1.2.2', '7.1.2.2', '7.1.2.2', '7.1.2.2', '7.1.2.2', '7.1.2.2', '7.1.2.2', '7.1.2.2', '7.1.2.2', '7.1.2.2', '7.1.2.2', '7.1.2.2', '7.1.2.2', '7.1.2.2', '7.1.2.2', '7.1.2.2', '7.1.2.2', '7.1.2.2', '7.1.2.2', '7.1.2.2', '7.1.2.2', '7.1.2.2', '7.1.2.2', '7.1.2.2', '7.1.2.2', '7.1.2.2', '7.1.2.2', '7.1.2.2', '7.1.2.2', '7.1.2.2', '7.1.2.2', '7.1.2.2', '7.1.2.2', '7.1.2.2', '7.1.2.2', '7.1.2.2', '7.1.2.2', '7.1.2.2', '7.1.2.2', '7.1.2.2', '7.1.2.2', '7.1.2.2', '7.1.2.2', '7.1.2.2', '7.1.2.2', '7.1.2.2', '7.1.2.2', '7.1.2.2', '7.1.2.2', '7.1.2.2', '7.1.2.2', '7.1.2.2', '7.1.2.2', '7.1.2.2', '7.1.2.2', '7.1.2.2', '7.1.2.2', '7.1.2.2', '7.1.2.2', '7.1.2.2', '7.1.2.2', '7.1.2.2', '7.1.2.2', '7.1.2.2', '7.1.2.2', '7.1.2.2', '7.1.2.2', '7.1.2.2', '7.1.2.2', '7.1.2.2', '7.1.2.2', '7.1.2.2', '7.1.2.2', '7.1.2.2', '7.1.2.2', '7.1.2.2', '7.1.2.2', '7.1.2.2', '7.1.2.2', '7.1.2.2', '7.1.2.2', '7.1.2.2', '7.1.2.2', '7.1.2.2', '7.1.2.2', '7.1.2.2', '7.1.2.2', '7.1.2.2', '7.1.2.2', '7.1.2.2', '7.1.2.2', '7.1.2.2', '7.1.2.2', '7.1.2.2', '7.1.2.2', '7.1.2.2', '7.1.2.2', '7.1.2.2', '7.1.2.2', '7.1.2.2', '7.1.2.2', '7.1.2.2', '7.1.2.2', '7.1.2.2', '7.1.2.2', '7.1.2.2', '7.1.2.2', '7.1.2.2', '7.1.2.2', '7.1.2.2', '7.1.2.2', '7.1.2.2', '7.1.2.2', '7.1.2.2', '7.1.2.2', '7.1.2.2', '7.1.2.2', '7.1.2.2', '7.1.2.2', '7.1.2.2', '7.1.2.2', '7.1.2.2', '7.1.2.2', '7.1.2.2', '7.1.2.2', '7.1.2.2', '7.1.2.2', '7.1.2.2', '7.1.2.2', '7.1.2.2', '7.1.2.2', '7.1.2.2', '7.1.2.2', '7.1.2.2', '7.1.2.2', '7.1.2.2', '7.1.2.2', '7.1.2.2', '7.1.2.2', '7.1.2.2', '7.1.2.2', '7.1.2.2', '7.1.2.2', '7.1.2.2', '7.1.2.2', '7.1.2.2', '7.1.2.2', '7.1.2.2', '7.1.2.2', '7.1.2.2', '7.1.2.2', '7.1.2.2', '7.1.2.2', '7.1.2.2', '7.1.2.2', '7.1.2.2', '7.1.2.2', '7.1.2.2', '7.1.2.2', '7.1.2.2', '7.1.2.2', '7.1.2.2', '7.1.2.2', '7.1.2.2', '7.1.2.2', '7.1.2.2', '7.1.2.2', '7.1.2.2', '7.1.2.2', '7.1.2.2', '7.1.2.2', '7.1.2.2', '7.1.2.2', '7.1.2.2', '7.1.2.2', '7.1.2.2', '7.1.2.2', '7.1.2.2', '7.1.2.2', '7.1.2.2', '7.1.2.2', '7.1.2.2', '7.1.2.2', '7.1.2.2', '7.1.2.2', '7.1.2.2', '7.1.2.2', '7.1.2.2', '7.1.2.2', '7.1.2.2', '7.1.2.2', '7.1.2.2', '7.1.2.2', '7.1.2.2', '7.1.2.2', '7.1.2.2', '7.1.2.2', '7.1.2.2', '7.1.2.2', '7.1.2.2', '7.1.2.2', '7.1.2.2', '7.1.2.2', '7.1.2.2', '7.1.2.2', '7.1.2.2', '7.1.2.2', '7.1.2.2', '7.1.2.2', '7.1.2.2', '7.1.2.2', '7.1.2.2', '7.1.2.2', '7.1.2.2', '7.1.2.2', '7.1.2.2', '7.1.2.2', '7.1.2.2', '7.1.2.2', '7.1.2.2', '7.1.2.2', '7.1.2.2', '7.1.2.2', '7.1.2.2', '7.1.2.2', '7.1.2.2', '7.1.2.2', '7.1.2.2', '7.1.2.2', '7.1.2.2', '7.1.2.2', '7.1.2.2', '7.1.2.2', '7.1.2.2', '7.1.2.2', '7.1.2.2', '7.1.2.2', '7.1.2.2', '7.1.2.2', '7.1.2.2', '7.1.2.2', '7.1.2.2', '7.1.2.2', '7.1.2.2', '7.1.2.2', '7.1.2.2', '7.1.2.2', '7.1.2.2', '7.1.2.2', '7.1.2.2', '7.1.2.2', '7.1.2.2', '7.1.2.2', '7.1.2.2', '7.1.2.2', '7.1.2.2', '7.1.2.2', '7.1.2.2', '7.1.2.2', '7.1.2.2', '7.1.2.2', '7.1.2.2', '7.1.2.2', '7.1.2.2', '7.1.2.2', '7.1.2.2', '7.1.2.2', '7.1.2.2', '7.1.2.2', '7.1.2.2', '7.1.2.2', '7.1.2.2', '7.1.2.2', '7.1.2.2', '7.1.2.2', '7.1.2.2', '7.1.2.2', '7.1.2.2', '7.1.2.2', '7.1.2.2', '7.1.2.2', '7.1.2.2', '7.1.2.2', '7.1.2.2', '7.1.2.2', '7.1.2.2', '7.1.2.2', '7.1.2.2', '7.1.2.2', '7.1.2.2', '7.1.2.2', '7.1.2.2', '7.1.2.2', '7.1.2.2', '7.1.2.2', '7.1.2.2', '7.1.2.2', '7.1.2.2', '7.1.2.2', '7.1.2.2', '7.1.2.2', '7.1.2.2', '7.1.2.2', '7.1.2.2', '7.1.2.2', '7.1.2.2', '7.1.2.2', '7.1.2.2', '7.1.2.2', '7.1.2.2', '7.1.2.2', '7.1.2.2', '7.1.2.2', '7.1.2.2', '7.1.2.2', '7.1.2.2', '7.1.2.2', '7.1.2.2', '7.1.2.2', '7.1.2.2', '7.1.2.2', '7.1.2.2', '7.1.2.2', '7.1.2.2', '7.1.2.2', '7.1.2.2', '7.1.2.2', '7.1.2.2', '7.1.2.2', '7.1.2.2', '7.1.2.2', '7.1.2.2', '7.1.2.2', '7.1.2.2', '7.1.2.2', '7.1.2.2', '7.1.2.2', '7.1.2.2', '7.1.2.2', '7.1.2.2', '7.1.2.2', '7.1.2.2', '7.1.2.2', '7.1.2.2', '7.1.2.2', '7.1.2.2', '7.1.2.2', '7.1.2.2', '7.1.2.2', '7.1.2.2', '7.1.2.2', '7.1.2.2', '7.1.2.2', '7.1.2.2', '7.1.2.2', '7.1.2.2', '7.1.2.2', '7.1.2.2', '7.1.2.2', '7.1.2.2', '7.1.2.2', '7.1.2.2', '7.1.2.2', '7.1.2.2', '7.1.2.2', '7.1.2.2', '7.1.2.2', '7.1.2.2', '7.1.2.2', '7.1.2.2', '7.1.2.2', '7.1.2.2', '7.1.2.2', '7.1.2.2', '7.1.2.2', '7.1.2.2', '7.1.2.2', '7.1.2.2', '7.1.2.2', '7.1.2.2', '7.1.2.2', '7.1.2.2', '7.1.2.2', '7.1.2.2', '7.1.2.2', '7.1.2.2', '7.1.2.2', '7.1.2.2', '7.1.2.2', '7.1.2.2', '7.1.2.2', '7.1.2.2', '7.1.2.2', '7.1.2.2', '7.1.2.2', '7.1.2.2', '7.1.2.2', '7.1.2.2', '7.1.2.2', '7.1.2.2', '7.1.2.2', '7.1.2.2', '7.1.2.2', '7.1.2.2', '7.1.2.2', '7.1.2.2', '7.1.2.2', '7.1.2.2', '7.1.2.2', '7.1.2.2', '7.1.2.2', '7.1.2.2', '7.1.2.2', '7.1.2.2', '7.1.2.2', '7.1.2.2', '7.1.2.2', '7.1.2.2', '7.1.2.2', '7.1.2.2', '7.1.2.2', '7.1.2.2', '7.1.2.2', '7.1.2.2', '7.1.2.2', '7.1.2.2', '7.1.2.2', '7.1.2.2', '7.1.2.2', '7.1.2.2', '7.1.2.2', '7.1.2.2', '7.1.2.2', '7.1.2.2', '7.1.2.2', '7.1.2.2', '7.1.2.2', '7.1.2.2', '7.1.2.2', '7.1.2.2', '7.1.2.2', '7.1.2.2', '7.1.2.2', '7.1.2.2', '7.1.2.2', '7.1.2.2', '7.1.2.2', '7.1.2.2', '7.1.2.2', '7.1.2.2', '7.1.2.2', '7.1.2.2', '7.1.2.2', '7.1.2.2', '7.1.2.2', '7.1.2.2', '7.1.2.2', '7.1.2.2', '7.1.2.2', '7.1.2.2', '7.1.2.2', '7.1.2.2', '7.1.2.2', '7.1.2.2', '7.1.2.2', '7.1.2.2', '7.1.2.2', '7.1.2.2', '7.1.2.2', '7.1.2.2', '7.1.2.2', '7.1.2.2', '7.1.2.2', '7.1.2.2', '7.1.2.2', '7.1.2.2', '7.1.2.2', '7.1.2.2', '7.1.2.2', '7.1.2.2', '7.1.2.2', '7.1.2.2', '7.1.2.2', '7.1.2.2', '7.1.2.2', '7.1.2.2', '7.1.2.2', '7.1.2.2', '7.1.2.2', '7.1.2.2', '7.1.2.2', '7.1.2.2', '7.1.2.2', '7.1.2.2', '7.1.2.2', '7.1.2.2', '7.1.2.2', '7.1.2.2', '7.1.2.2', '7.1.2.2', '7.1.2.2', '7.1.2.2', '7.1.2.2', '7.1.2.2', '7.1.2.2', '7.1.2.2', '7.1.2.2', '7.1.2.2', '7.1.2.2', '7.1.2.2', '7.1.2.2', '7.1.2.2', '7.1.2.2', '7.1.2.2', '7.1.2.2', '7.1.2.2', '7.1.2.2', '7.1.2.2', '7.1.2.2', '7.1.2.2', '7.1.2.2', '7.1.2.2', '7.1.2.2', '7.1.2.2', '7.1.2.2', '7.1.2.2', '7.1.2.2', '7.1.2.2', '7.1.2.2', '7.1.2.2', '7.1.2.2', '7.1.2.2', '7.1.2.2', '7.1.2.2', '7.1.2.2', '7.1.2.2', '7.1.2.2', '7.1.2.2', '7.1.2.2', '7.1.2.2', '7.1.2.2', '7.1.2.2', '7.1.2.2', '7.1.2.2', '7.1.2.2', '7.1.2.2', '7.1.2.2', '7.1.2.2', '7.1.2.2', '7.1.2.2', '7.1.2.2', '7.1.2.2', '7.1.2.2', '7.1.2.2', '7.1.2.2', '7.1.2.2', '7.1.2.2', '7.1.2.2', '7.1.2.2', '7.1.2.2', '7.1.2.2', '7.1.2.2', '7.1.2.2', '7.1.2.2', '7.1.2.2', '7.1.2.2', '7.1.2.2', '7.1.2.2', '7.1.2.2', '7.1.2.2', '7.1.2.2', '7.1.2.2', '7.1.2.2', '7.1.2.2', '7.1.2.2', '7.1.2.2', '7.1.2.2', '7.1.2.2', '7.1.2.2', '7.1.2.2', '7.1.2.2', '7.1.2.2', '7.1.2.2', '7.1.2.2', '7.1.2.2', '7.1.2.2', '7.1.2.2', '7.1.2.2', '7.1.2.2', '7.1.2.2', '7.1.2.2', '7.1.2.2', '7.1.2.2', '7.1.2.2', '7.1.2.2', '7.1.2.2', '7.1.2.2', '7.1.2.2', '7.1.2.2', '7.1.2.2', '7.1.2.2', '7.1.2.2', '7.1.2.2', '7.1.2.2', '7.1.2.2', '7.1.2.2', '7.1.2.2', '7.1.2.2', '7.1.2.2', '7.1.2.2', '7.1.2.2', '7.1.2.2', '7.1.2.2', '7.1.2.2', '7.1.2.2', '7.1.2.2', '7.1.2.2', '7.1.2.2', '7.1.2.2', '7.1.2.2', '7.1.2.2', '7.1.2.2', '7.1.2.2', '7.1.2.2', '7.1.2.2', '7.1.2.2', '7.1.2.2', '7.1.2.2', '7.1.2.2', '7.1.2.2', '7.1.2.2', '7.1.2.2', '7.1.2.2', '7.1.2.2', '7.1.2.2', '7.1.2.2', '7.1.2.2', '7.1.2.2', '7.1.2.2', '7.1.2.2', '7.1.2.2', '7.1.2.2', '7.1.2.2', '7.1.2.2', '7.1.2.2', '7.1.2.2', '7.1.2.2', '7.1.2.2', '7.1.2.2', '7.1.2.2', '7.1.2.2', '7.1.2.2', '7.1.2.2', '7.1.2.2', '7.1.2.2', '7.1.2.2', '7.1.2.2', '7.1.2.2', '7.1.2.2', '7.1.2.2', '7.1.2.2', '7.1.2.2', '7.1.2.2', '7.1.2.2', '7.1.2.2', '7.1.2.2', '7.1.2.2', '7.1.2.2', '7.1.2.2', '7.1.2.2', '7.1.2.2', '7.1.2.2', '7.1.2.2', '7.1.2.2', '7.1.2.2', '7.1.2.2', '7.1.2.2', '7.1.2.2', '7.1.2.2', '7.1.2.2', '7.1.2.2', '7.1.2.2', '7.1.2.2', '7.1.2.2', '7.1.2.2', '7.1.2.2', '7.1.2.2', '7.1.2.2', '7.1.2.2', '7.1.2.2', '7.1.2.2', '7.1.2.2', '7.1.2.2', '7.1.2.2', '7.1.2.2', '7.1.2.2', '7.1.2.2', '7.1.2.2', '7.1.2.2', '7.1.2.2', '7.1.2.2', '7.1.2.2', '7.1.2.2', '7.1.2.2', '7.1.2.2', '7.1.2.2', '7.1.2.2', '7.1.2.2', '7.1.2.2', '7.1.2.2', '7.1.2.2', '7.1.2.2', '7.1.2.2', '7.1.2.2', '7.1.2.2', '7.1.2.2', '7.1.2.2', '7.1.2.2', '7.1.2.2', '7.1.2.2', '7.1.2.2', '7.1.2.2', '7.1.2.2', '7.1.2.2', '7.1.2.2', '7.1.2.2', '7.1.2.2', '7.1.2.2', '7.1.2.2', '7.1.2.2', '7.1.2.2', '7.1.2.2', '7.1.2.2', '7.1.2.2', '7.1.2.2', '7.1.2.2', '7.1.2.2', '7.1.2.2', '7.1.2.2', '7.1.2.2', '7.1.2.2', '7.1.2.2', '7.1.2.2', '7.1.2.2', '7.1.2.2', '7.1.2.2', '7.1.2.2', '7.1.2.2', '7.1.2.2', '7.1.2.2', '7.1.2.2', '7.1.2.2', '7.1.2.2', '7.1.2.2', '7.1.2.2', '7.1.2.2', '7.1.2.2', '7.1.2.2', '7.1.2.2', '7.1.2.2', '7.1.2.2', '7.1.2.2', '7.1.2.2', '7.1.2.2', '7.1.2.2', '7.1.2.2', '7.1.2.2', '7.1.2.2', '7.1.2.2', '7.1.2.2', '7.1.2.2']",,0.8278009825944901,847,,1.0,1.0
test-ec-onehot-uniref,ba63000,2.4.1.227,no-tax,train_common,900,0.9466666666666667,0.9466666666666667,852,1.0,852,3.995305164319249,0.9988262910798122,851,265.36295774647886,,,,,0.9988262910798122,,0.6068071960093897,0.04342723004694836,0.9460093896713615,"['2.4.1.227', '2.4.1.227', '2.4.1.227', '2.4.1.227', '2.4.1.227', '2.4.1.227', '2.4.1.227', '2.4.1.227', '2.4.1.227', '2.4.1.227', '2.4.1.227', '2.4.1.227', '2.4.1.227', '2.4.1.227', '2.4.1.227', '2.4.1.227', '2.4.1.227', '2.4.1.227', '2.4.1.227', '2.4.1.227', '2.4.1.227', '2.4.1.227', '2.4.1.227', '2.4.1.227', '2.4.1.227', '2.4.1.227', '2.4.1.227', '2.4.1.227', '2.4.1.227', '2.4.1.227', '2.4.1.227', '2.4.1.227', '2.4.1.227', '2.4.1.227', '2.4.1.227', '2.4.1.227', '2.4.1.227', '2.4.1.227', '2.4.1.227', '2.4.1.227', '2.4.1.227', '2.4.1.227', '2.4.1.227', '2.4.1.227', '2.4.1.227', '2.4.1.227', '2.4.1.227', '2.4.1.227', '2.4.1.227', '2.4.1.227', '2.4.1.227', '2.4.1.227', '2.4.1.227', '2.4.1.227', '2.4.1.227', '2.4.1.227', '2.4.1.227', '2.4.1.227', '2.4.1.227', '2.4.1.227', '2.4.1.227', '2.4.1.227', '2.4.1.227', '2.4.1.227', '2.4.1.227', '2.4.1.227', '2.4.1.227', '2.4.1.227', '2.4.1.227', '2.4.1.227', '2.4.1.227', '2.4.1.227', '2.4.1.227', '2.4.1.227', '2.4.1.227', '2.4.1.227', '2.4.1.227', '2.4.1.227', '2.4.1.227', '2.4.1.227', '2.4.1.227', '2.4.1.227', '2.4.1.227', '2.4.1.227', '2.4.1.227', '2.4.1.227', '2.4.1.227', '2.4.1.227', '2.4.1.227', '2.4.1.227', '2.4.1.227', '2.4.1.227', '2.4.1.227', '2.4.1.227', '2.4.1.227', '2.4.1.227', '2.4.1.227', '2.4.1.227', '2.4.1.227', '2.4.1.227', '2.4.1.227', '2.4.1.227', '2.4.1.227', '2.4.1.227', '2.4.1.227', '2.4.1.227', '2.4.1.227', '2.4.1.227', '2.4.1.227', '2.4.1.227', '2.4.1.227', '2.4.1.227', '2.4.1.227', '2.4.1.227', '2.4.1.227', '2.4.1.227', '2.4.1.227', '2.4.1.227', '2.4.1.227', '2.4.1.227', '2.4.1.227', '2.4.1.227', '2.4.1.227', '2.4.1.227', '2.4.1.227', '2.4.1.227', '2.4.1.227', '2.4.1.227', '2.4.1.227', '2.4.1.227', '2.4.1.227', '2.4.1.227', '2.4.1.227', '2.4.1.227', '2.4.1.227', '2.4.1.227', '2.4.1.227', '2.4.1.227', '2.4.1.227', '2.4.1.227', '2.4.1.227', '2.4.1.227', '2.4.1.227', '2.4.1.227', '2.4.1.227', '2.4.1.227', '2.4.1.227', '2.4.1.227', '2.4.1.227', '2.4.1.227', '2.4.1.227', '2.4.1.227', '2.4.1.227', '2.4.1.227', '2.4.1.227', '2.4.1.227', '2.4.1.227', '2.4.1.227', '2.4.1.227', '2.4.1.227', '2.4.1.227', '2.4.1.227', '2.4.1.227', '2.4.1.227', '2.4.1.227', '2.4.1.227', '2.4.1.227', '2.4.1.227', '2.4.1.227', '2.4.1.227', '2.4.1.227', '2.4.1.227', '2.4.1.227', '2.4.1.227', '2.4.1.227', '2.4.1.227', '2.4.1.227', '2.4.1.227', '2.4.1.227', '2.4.1.227', '2.4.1.227', '2.4.1.227', '2.4.1.227', '2.4.1.227', '2.4.1.227', '2.4.1.227', '2.4.1.227', '2.4.1.227', '2.4.1.227', '2.4.1.227', '2.4.1.227', '2.4.1.227', '2.4.1.227', '2.4.1.227', '2.4.1.227', '2.4.1.227', '2.4.1.227', '2.4.1.227', '2.4.1.227', '2.4.1.227', '2.4.1.227', '2.4.1.227', '2.4.1.227', '2.4.1.227', '2.4.1.227', '2.4.1.227', '2.4.1.227', '2.4.1.227', '2.4.1.227', '2.4.1.227', '2.4.1.227', '2.4.1.227', '2.4.1.227', '2.4.1.227', '2.4.1.227', '2.4.1.227', '2.4.1.227', '2.4.1.227', '2.4.1.227', '2.4.1.227', '2.4.1.227', '2.4.1.227', '2.4.1.227', '2.4.1.227', '2.4.1.227', '2.4.1.227', '2.4.1.227', '2.4.1.227', '2.4.1.227', '2.4.1.227', '2.4.1.227', '2.4.1.227', '2.4.1.227', '2.4.1.227', '2.4.1.227', '2.4.1.227', '2.4.1.227', '2.4.1.227', '2.4.1.227', '2.4.1.227', '2.4.1.227', '2.4.1.227', '2.4.1.227', '4.2.1.46', '2.4.1.227', '2.4.1.227', '2.4.1.227', '2.4.1.227', '2.4.1.227', '2.4.1.227', '2.4.1.227', '2.4.1.227', '2.4.1.227', '2.4.1.227', '2.4.1.227', '2.4.1.227', '2.4.1.227', '2.4.1.227', '2.4.1.227', '2.4.1.227', '2.4.1.227', '2.4.1.227', '2.4.1.227', '2.4.1.227', '2.4.1.227', '2.4.1.227', '2.4.1.227', '2.4.1.227', '2.4.1.227', '2.4.1.227', '2.4.1.227', '2.4.1.227', '2.4.1.227', '2.4.1.227', '2.4.1.227', '2.4.1.227', '2.4.1.227', '2.4.1.227', '2.4.1.227', '2.4.1.227', '2.4.1.227', '2.4.1.227', '2.4.1.227', '2.4.1.227', '2.4.1.227', '2.4.1.227', '2.4.1.227', '2.4.1.227', '2.4.1.227', '2.4.1.227', '2.4.1.227', '2.4.1.227', '2.4.1.227', '2.4.1.227', '2.4.1.227', '2.4.1.227', '2.4.1.227', '2.4.1.227', '2.4.1.227', '2.4.1.227', '2.4.1.227', '2.4.1.227', '2.4.1.227', '2.4.1.227', '2.4.1.227', '2.4.1.227', '2.4.1.227', '2.4.1.227', '2.4.1.227', '2.4.1.227', '2.4.1.227', '2.4.1.227', '2.4.1.227', '2.4.1.227', '2.4.1.227', '2.4.1.227', '2.4.1.227', '2.4.1.227', '2.4.1.227', '2.4.1.227', '2.4.1.227', '2.4.1.227', '2.4.1.227', '2.4.1.227', '2.4.1.227', '2.4.1.227', '2.4.1.227', '2.4.1.227', '2.4.1.227', '2.4.1.227', '2.4.1.227', '2.4.1.227', '2.4.1.227', '2.4.1.227', '2.4.1.227', '2.4.1.227', '2.4.1.227', '2.4.1.227', '2.4.1.227', '2.4.1.227', '2.4.1.227', '2.4.1.227', '2.4.1.227', '2.4.1.227', '2.4.1.227', '2.4.1.227', '2.4.1.227', '2.4.1.227', '2.4.1.227', '2.4.1.227', '2.4.1.227', '2.4.1.227', '2.4.1.227', '2.4.1.227', '2.4.1.227', '2.4.1.227', '2.4.1.227', '2.4.1.227', '2.4.1.227', '2.4.1.227', '2.4.1.227', '2.4.1.227', '2.4.1.227', '2.4.1.227', '2.4.1.227', '2.4.1.227', '2.4.1.227', '2.4.1.227', '2.4.1.227', '2.4.1.227', '2.4.1.227', '2.4.1.227', '2.4.1.227', '2.4.1.227', '2.4.1.227', '2.4.1.227', '2.4.1.227', '2.4.1.227', '2.4.1.227', '2.4.1.227', '2.4.1.227', '2.4.1.227', '2.4.1.227', '2.4.1.227', '2.4.1.227', '2.4.1.227', '2.4.1.227', '2.4.1.227', '2.4.1.227', '2.4.1.227', '2.4.1.227', '2.4.1.227', '2.4.1.227', '2.4.1.227', '2.4.1.227', '2.4.1.227', '2.4.1.227', '2.4.1.227', '2.4.1.227', '2.4.1.227', '2.4.1.227', '2.4.1.227', '2.4.1.227', '2.4.1.227', '2.4.1.227', '2.4.1.227', '2.4.1.227', '2.4.1.227', '2.4.1.227', '2.4.1.227', '2.4.1.227', '2.4.1.227', '2.4.1.227', '2.4.1.227', '2.4.1.227', '2.4.1.227', '2.4.1.227', '2.4.1.227', '2.4.1.227', '2.4.1.227', '2.4.1.227', '2.4.1.227', '2.4.1.227', '2.4.1.227', '2.4.1.227', '2.4.1.227', '2.4.1.227', '2.4.1.227', '2.4.1.227', '2.4.1.227', '2.4.1.227', '2.4.1.227', '2.4.1.227', '2.4.1.227', '2.4.1.227', '2.4.1.227', '2.4.1.227', '2.4.1.227', '2.4.1.227', '2.4.1.227', '2.4.1.227', '2.4.1.227', '2.4.1.227', '2.4.1.227', '2.4.1.227', '2.4.1.227', '2.4.1.227', '2.4.1.227', '2.4.1.227', '2.4.1.227', '2.4.1.227', '2.4.1.227', '2.4.1.227', '2.4.1.227', '2.4.1.227', '2.4.1.227', '2.4.1.227', '2.4.1.227', '2.4.1.227', '2.4.1.227', '2.4.1.227', '2.4.1.227', '2.4.1.227', '2.4.1.227', '2.4.1.227', '2.4.1.227', '2.4.1.227', '2.4.1.227', '2.4.1.227', '2.4.1.227', '2.4.1.227', '2.4.1.227', '2.4.1.227', '2.4.1.227', '2.4.1.227', '2.4.1.227', '2.4.1.227', '2.4.1.227', '2.4.1.227', '2.4.1.227', '2.4.1.227', '2.4.1.227', '2.4.1.227', '2.4.1.227', '2.4.1.227', '2.4.1.227', '2.4.1.227', '2.4.1.227', '2.4.1.227', '2.4.1.227', '2.4.1.227', '2.4.1.227', '2.4.1.227', '2.4.1.227', '2.4.1.227', '2.4.1.227', '2.4.1.227', '2.4.1.227', '2.4.1.227', '2.4.1.227', '2.4.1.227', '2.4.1.227', '2.4.1.227', '2.4.1.227', '2.4.1.227', '2.4.1.227', '2.4.1.227', '2.4.1.227', '2.4.1.227', '2.4.1.227', '2.4.1.227', '2.4.1.227', '2.4.1.227', '2.4.1.227', '2.4.1.227', '2.4.1.227', '2.4.1.227', '2.4.1.227', '2.4.1.227', '2.4.1.227', '2.4.1.227', '2.4.1.227', '2.4.1.227', '2.4.1.227', '2.4.1.227', '2.4.1.227', '2.4.1.227', '2.4.1.227', '2.4.1.227', '2.4.1.227', '2.4.1.227', '2.4.1.227', '2.4.1.227', '2.4.1.227', '2.4.1.227', '2.4.1.227', '2.4.1.227', '2.4.1.227', '2.4.1.227', '2.4.1.227', '2.4.1.227', '2.4.1.227', '2.4.1.227', '2.4.1.227', '2.4.1.227', '2.4.1.227', '2.4.1.227', '2.4.1.227', '2.4.1.227', '2.4.1.227', '2.4.1.227', '2.4.1.227', '2.4.1.227', '2.4.1.227', '2.4.1.227', '2.4.1.227', '2.4.1.227', '2.4.1.227', '2.4.1.227', '2.4.1.227', '2.4.1.227', '2.4.1.227', '2.4.1.227', '2.4.1.227', '2.4.1.227', '2.4.1.227', '2.4.1.227', '2.4.1.227', '2.4.1.227', '2.4.1.227', '2.4.1.227', '2.4.1.227', '2.4.1.227', '2.4.1.227', '2.4.1.227', '2.4.1.227', '2.4.1.227', '2.4.1.227', '2.4.1.227', '2.4.1.227', '2.4.1.227', '2.4.1.227', '2.4.1.227', '2.4.1.227', '2.4.1.227', '2.4.1.227', '2.4.1.227', '2.4.1.227', '2.4.1.227', '2.4.1.227', '2.4.1.227', '2.4.1.227', '2.4.1.227', '2.4.1.227', '2.4.1.227', '2.4.1.227', '2.4.1.227', '2.4.1.227', '2.4.1.227', '2.4.1.227', '2.4.1.227', '2.4.1.227', '2.4.1.227', '2.4.1.227', '2.4.1.227', '2.4.1.227', '2.4.1.227', '2.4.1.227', '2.4.1.227', '2.4.1.227', '2.4.1.227', '2.4.1.227', '2.4.1.227', '2.4.1.227', '2.4.1.227', '2.4.1.227', '2.4.1.227', '2.4.1.227', '2.4.1.227', '2.4.1.227', '2.4.1.227', '2.4.1.227', '2.4.1.227', '2.4.1.227', '2.4.1.227', '2.4.1.227', '2.4.1.227', '2.4.1.227', '2.4.1.227', '2.4.1.227', '2.4.1.227', '2.4.1.227', '2.4.1.227', '2.4.1.227', '2.4.1.227', '2.4.1.227', '2.4.1.227', '2.4.1.227', '2.4.1.227', '2.4.1.227', '2.4.1.227', '2.4.1.227', '2.4.1.227', '2.4.1.227', '2.4.1.227', '2.4.1.227', '2.4.1.227', '2.4.1.227', '2.4.1.227', '2.4.1.227', '2.4.1.227', '2.4.1.227', '2.4.1.227', '2.4.1.227', '2.4.1.227', '2.4.1.227', '2.4.1.227', '2.4.1.227', '2.4.1.227', '2.4.1.227', '2.4.1.227', '2.4.1.227', '2.4.1.227', '2.4.1.227', '2.4.1.227', '2.4.1.227', '2.4.1.227', '2.4.1.227', '2.4.1.227', '2.4.1.227', '2.4.1.227', '2.4.1.227', '2.4.1.227', '2.4.1.227', '2.4.1.227', '2.4.1.227', '2.4.1.227', '2.4.1.227', '2.4.1.227', '2.4.1.227', '2.4.1.227', '2.4.1.227', '2.4.1.227', '2.4.1.227', '2.4.1.227', '2.4.1.227', '2.4.1.227', '2.4.1.227', '2.4.1.227', '2.4.1.227', '2.4.1.227', '2.4.1.227', '2.4.1.227', '2.4.1.227', '2.4.1.227', '2.4.1.227', '2.4.1.227', '2.4.1.227', '2.4.1.227', '2.4.1.227', '2.4.1.227', '2.4.1.227', '2.4.1.227', '2.4.1.227', '2.4.1.227', '2.4.1.227', '2.4.1.227', '2.4.1.227', '2.4.1.227', '2.4.1.227', '2.4.1.227', '2.4.1.227', '2.4.1.227', '2.4.1.227', '2.4.1.227', '2.4.1.227', '2.4.1.227', '2.4.1.227', '2.4.1.227', '2.4.1.227', '2.4.1.227', '2.4.1.227', '2.4.1.227', '2.4.1.227', '2.4.1.227', '2.4.1.227', '2.4.1.227', '2.4.1.227', '2.4.1.227', '2.4.1.227', '2.4.1.227', '2.4.1.227', '2.4.1.227', '2.4.1.227', '2.4.1.227', '2.4.1.227', '2.4.1.227', '2.4.1.227', '2.4.1.227', '2.4.1.227', '2.4.1.227', '2.4.1.227', '2.4.1.227', '2.4.1.227', '2.4.1.227', '2.4.1.227', '2.4.1.227', '2.4.1.227', '2.4.1.227', '2.4.1.227', '2.4.1.227', '2.4.1.227', '2.4.1.227', '2.4.1.227', '2.4.1.227', '2.4.1.227', '2.4.1.227', '2.4.1.227', '2.4.1.227', '2.4.1.227', '2.4.1.227', '2.4.1.227', '2.4.1.227', '2.4.1.227', '2.4.1.227', '2.4.1.227', '2.4.1.227', '2.4.1.227', '2.4.1.227', '2.4.1.227', '2.4.1.227', '2.4.1.227', '2.4.1.227', '2.4.1.227', '2.4.1.227', '2.4.1.227', '2.4.1.227', '2.4.1.227', '2.4.1.227', '2.4.1.227', '2.4.1.227', '2.4.1.227', '2.4.1.227', '2.4.1.227', '2.4.1.227', '2.4.1.227', '2.4.1.227', '2.4.1.227', '2.4.1.227', '2.4.1.227', '2.4.1.227', '2.4.1.227', '2.4.1.227', '2.4.1.227', '2.4.1.227', '2.4.1.227', '2.4.1.227', '2.4.1.227', '2.4.1.227', '2.4.1.227', '2.4.1.227', '2.4.1.227', '2.4.1.227', '2.4.1.227', '2.4.1.227', '2.4.1.227', '2.4.1.227', '2.4.1.227', '2.4.1.227', '2.4.1.227', '2.4.1.227', '2.4.1.227', '2.4.1.227', '2.4.1.227', '2.4.1.227', '2.4.1.227', '2.4.1.227', '2.4.1.227', '2.4.1.227', '2.4.1.227', '2.4.1.227', '2.4.1.227', '2.4.1.227', '2.4.1.227', '2.4.1.227', '2.4.1.227', '2.4.1.227', '2.4.1.227', '2.4.1.227', '2.4.1.227', '2.4.1.227', '2.4.1.227', '2.4.1.227', '2.4.1.227', '2.4.1.227', '2.4.1.227', '2.4.1.227', '2.4.1.227', '2.4.1.227', '2.4.1.227', '2.4.1.227', '2.4.1.227', '2.4.1.227', '2.4.1.227', '2.4.1.227', '2.4.1.227', '2.4.1.227', '2.4.1.227', '2.4.1.227', '2.4.1.227', '2.4.1.227', '2.4.1.227']",,0.8128491282463074,575,,1.0,1.0
test-ec-onehot-uniref,ba63000,3.1.3.16,no-tax,train_common,900,0.21888888888888888,0.19666666666666666,177,0.9491525423728814,168,3.767857142857143,0.9345238095238095,157,170.3587836685987,,,,,0.9345238095238095,,0.8821351607142858,0.1130952380952381,0.15476190476190477,"['3.1.3.16', '3.1.3.16', '3.1.3.16', '2.3.2.27', '3.1.3.16', '3.1.3.16', '3.1.3.16', '3.1.3.16', '4.1.1.98', '3.1.3.16', '3.1.3.16', '3.1.3.16', '3.1.3.16', '3.1.3.16', '3.1.3.16', '4.1.1.48', '3.1.3.16', '3.1.3.16', '3.1.3.16', '3.1.3.16', '3.1.3.16', '3.1.3.16', '3.1.3.16', '3.1.3.16', '3.1.3.16', '3.1.3.16', '3.1.3.16', '3.1.3.16', '3.1.3.16', '3.1.3.16', '3.1.3.16', '3.1.3.16', '3.1.3.16', '3.1.3.16', '3.1.3.16', '3.1.3.16', '3.1.3.16', '3.1.3.16', '3.1.3.16', '3.1.3.16', '3.1.3.16', '3.1.3.16', '3.1.3.16; 3.1.3.53', '3.1.3.16', '3.1.3.16', '3.1.3.16', '3.1.3.16', '3.1.3.16', '3.1.3.16', '3.1.3.16', '2.7.1.33', '3.1.3.16', '3.1.3.16', '3.1.3.16', '3.1.3.16', '3.1.3.16', '3.1.3.16', '3.1.3.16', '3.1.3.16', '3.1.3.16', '3.1.3.16', '3.1.3.16', '3.1.3.16', '3.1.3.16', '3.1.3.16', '3.1.3.16', '3.1.3.16', '3.1.3.16', '3.1.3.16', '4.1.1.98', '3.1.3.16', '3.1.3.16', '3.1.3.16', '3.1.3.16', '3.1.3.16', '3.1.3.16', '3.1.3.16', '3.1.3.16', '3.1.3.16', '3.1.3.16', '3.1.3.16', '1.2.1.41', '3.1.3.16', '3.1.3.16', '3.1.3.16', '3.1.3.16', '3.1.3.16', '3.1.3.16', '3.1.3.16', '3.1.3.16', '3.1.3.16', '3.1.3.16', '3.1.3.16', '3.1.3.16', '3.1.3.16', '3.1.3.16', '3.1.3.16', '3.1.3.16', '3.1.3.16', '3.1.3.16', '3.6.5.2', '3.1.3.16', '3.1.3.16', '3.1.3.16', '3.1.3.16', '3.1.3.16', '3.1.3.16', '3.1.3.16', '3.1.3.16', '2.4.2.18', '3.1.3.16', '3.1.3.16', '3.1.3.16', '3.1.3.16', '3.1.3.16', '3.1.3.16', '3.1.3.16', '3.1.3.16', '3.1.3.16', '3.1.3.16', '3.1.3.16', '3.1.3.16', '3.1.3.16', '3.1.3.16', '3.1.3.16', '3.1.3.16', '3.1.3.16', '3.1.3.16', '3.1.3.16', '3.1.3.16', '3.1.3.16', '3.1.3.16', '3.1.3.16', '3.1.3.16', '3.1.3.16', '3.1.3.16', '3.1.3.16', '3.1.3.16', '3.1.3.16', '3.1.3.16', '3.1.3.16', '3.1.3.16', '3.1.3.16', '3.1.3.16', '4.1.2.52', '3.1.3.16', '3.1.3.16', '3.1.3.16', '3.1.3.16', '3.1.3.16', '3.1.3.16', '3.1.3.16', '3.1.3.16', '2.7.1.26; 2.7.7.2', '3.1.3.16', '3.1.3.16', '3.1.3.16', '3.1.3.16', '3.1.3.16', '3.1.3.16', '3.1.3.16', '3.1.3.16', '3.1.3.16', '3.1.3.16', '3.1.3.16', '3.1.3.16', '3.1.3.16', '3.1.3.16']",,0.8612103199958802,838,,0.9999997019767761,0.9999997019767761
test-ec-onehot-uniref,ba63000,6.1.1.16,no-tax,train_common,900,0.91,0.9088888888888889,818,1.0,818,4.0,1.0,818,261.5804794520548,,,,,1.0,,0.7725568154034231,0.009779951100244499,0.4731051344743276,"['6.1.1.16', '6.1.1.16', '6.1.1.16', '6.1.1.16', '6.1.1.16', '6.1.1.16', '6.1.1.16', '6.1.1.16', '6.1.1.16', '6.1.1.16', '6.1.1.16', '6.1.1.16', '6.1.1.16', '6.1.1.16', '6.1.1.16', '6.1.1.16', '6.1.1.16', '6.1.1.16', '6.1.1.16', '6.1.1.16', '6.1.1.16', '6.1.1.16', '6.1.1.16', '6.1.1.16', '6.1.1.16', '6.1.1.16', '6.1.1.16', '6.1.1.16', '6.1.1.16', '6.1.1.16', '6.1.1.16', '6.1.1.16', '6.1.1.16', '6.1.1.16', '6.1.1.16', '6.1.1.16', '6.1.1.16', '6.1.1.16', '6.1.1.16', '6.1.1.16', '6.1.1.16', '6.1.1.16', '6.1.1.16', '6.1.1.16', '6.1.1.16', '6.1.1.16', '6.1.1.16', '6.1.1.16', '6.1.1.16', '6.1.1.16', '6.1.1.16', '6.1.1.16', '6.1.1.16', '6.1.1.16', '6.1.1.16', '6.1.1.16', '6.1.1.16', '6.1.1.16', '6.1.1.16', '6.1.1.16', '6.1.1.16', '6.1.1.16', '6.1.1.16', '6.1.1.16', '6.1.1.16', '6.1.1.16', '6.1.1.16', '6.1.1.16', '6.1.1.16', '6.1.1.16', '6.1.1.16', '6.1.1.16', '6.1.1.16', '6.1.1.16', '6.1.1.16', '6.1.1.16', '6.1.1.16', '6.1.1.16', '6.1.1.16', '6.1.1.16', '6.1.1.16', '6.1.1.16', '6.1.1.16', '6.1.1.16', '6.1.1.16', '6.1.1.16', '6.1.1.16', '6.1.1.16', '6.1.1.16', '6.1.1.16', '6.1.1.16', '6.1.1.16', '6.1.1.16', '6.1.1.16', '6.1.1.16', '6.1.1.16', '6.1.1.16', '6.1.1.16', '6.1.1.16', '6.1.1.16', '6.1.1.16', '6.1.1.16', '6.1.1.16', '6.1.1.16', '6.1.1.16', '6.1.1.16', '6.1.1.16', '6.1.1.16', '6.1.1.16', '6.1.1.16', '6.1.1.16', '6.1.1.16', '6.1.1.16', '6.1.1.16', '6.1.1.16', '6.1.1.16', '6.1.1.16', '6.1.1.16', '6.1.1.16', '6.1.1.16', '6.1.1.16', '6.1.1.16', '6.1.1.16', '6.1.1.16', '6.1.1.16', '6.1.1.16', '6.1.1.16', '6.1.1.16', '6.1.1.16', '6.1.1.16', '6.1.1.16', '6.1.1.16', '6.1.1.16', '6.1.1.16', '6.1.1.16', '6.1.1.16', '6.1.1.16', '6.1.1.16', '6.1.1.16', '6.1.1.16', '6.1.1.16', '6.1.1.16', '6.1.1.16', '6.1.1.16', '6.1.1.16', '6.1.1.16', '6.1.1.16', '6.1.1.16', '6.1.1.16', '6.1.1.16', '6.1.1.16', '6.1.1.16', '6.1.1.16', '6.1.1.16', '6.1.1.16', '6.1.1.16', '6.1.1.16', '6.1.1.16', '6.1.1.16', '6.1.1.16', '6.1.1.16', '6.1.1.16', '6.1.1.16', '6.1.1.16', '6.1.1.16', '6.1.1.16', '6.1.1.16', '6.1.1.16', '6.1.1.16', '6.1.1.16', '6.1.1.16', '6.1.1.16', '6.1.1.16', '6.1.1.16', '6.1.1.16', '6.1.1.16', '6.1.1.16', '6.1.1.16', '6.1.1.16', '6.1.1.16', '6.1.1.16', '6.1.1.16', '6.1.1.16', '6.1.1.16', '6.1.1.16', '6.1.1.16', '6.1.1.16', '6.1.1.16', '6.1.1.16', '6.1.1.16', '6.1.1.16', '6.1.1.16', '6.1.1.16', '6.1.1.16', '6.1.1.16', '6.1.1.16', '6.1.1.16', '6.1.1.16', '6.1.1.16', '6.1.1.16', '6.1.1.16', '6.1.1.16', '6.1.1.16', '6.1.1.16', '6.1.1.16', '6.1.1.16', '6.1.1.16', '6.1.1.16', '6.1.1.16', '6.1.1.16', '6.1.1.16', '6.1.1.16', '6.1.1.16', '6.1.1.16', '6.1.1.16', '6.1.1.16', '6.1.1.16', '6.1.1.16', '6.1.1.16', '6.1.1.16', '6.1.1.16', '6.1.1.16', '6.1.1.16', '6.1.1.16', '6.1.1.16', '6.1.1.16', '6.1.1.16', '6.1.1.16', '6.1.1.16', '6.1.1.16', '6.1.1.16', '6.1.1.16', '6.1.1.16', '6.1.1.16', '6.1.1.16', '6.1.1.16', '6.1.1.16', '6.1.1.16', '6.1.1.16', '6.1.1.16', '6.1.1.16', '6.1.1.16', '6.1.1.16', '6.1.1.16', '6.1.1.16', '6.1.1.16', '6.1.1.16', '6.1.1.16', '6.1.1.16', '6.1.1.16', '6.1.1.16', '6.1.1.16', '6.1.1.16', '6.1.1.16', '6.1.1.16', '6.1.1.16', '6.1.1.16', '6.1.1.16', '6.1.1.16', '6.1.1.16', '6.1.1.16', '6.1.1.16', '6.1.1.16', '6.1.1.16', '6.1.1.16', '6.1.1.16', '6.1.1.16', '6.1.1.16', '6.1.1.16', '6.1.1.16', '6.1.1.16', '6.1.1.16', '6.1.1.16', '6.1.1.16', '6.1.1.16', '6.1.1.16', '6.1.1.16', '6.1.1.16', '6.1.1.16', '6.1.1.16', '6.1.1.16', '6.1.1.16', '6.1.1.16', '6.1.1.16', '6.1.1.16', '6.1.1.16', '6.1.1.16', '6.1.1.16', '6.1.1.16', '6.1.1.16', '6.1.1.16', '6.1.1.16', '6.1.1.16', '6.1.1.16', '6.1.1.16', '6.1.1.16', '6.1.1.16', '6.1.1.16', '6.1.1.16', '6.1.1.16', '6.1.1.16', '6.1.1.16', '6.1.1.16', '6.1.1.16', '6.1.1.16', '6.1.1.16', '6.1.1.16', '6.1.1.16', '6.1.1.16', '6.1.1.16', '6.1.1.16', '6.1.1.16', '6.1.1.16', '6.1.1.16', '6.1.1.16', '6.1.1.16', '6.1.1.16', '6.1.1.16', '6.1.1.16', '6.1.1.16', '6.1.1.16', '6.1.1.16', '6.1.1.16', '6.1.1.16', '6.1.1.16', '6.1.1.16', '6.1.1.16', '6.1.1.16', '6.1.1.16', '6.1.1.16', '6.1.1.16', '6.1.1.16', '6.1.1.16', '6.1.1.16', '6.1.1.16', '6.1.1.16', '6.1.1.16', '6.1.1.16', '6.1.1.16', '6.1.1.16', '6.1.1.16', '6.1.1.16', '6.1.1.16', '6.1.1.16', '6.1.1.16', '6.1.1.16', '6.1.1.16', '6.1.1.16', '6.1.1.16', '6.1.1.16', '6.1.1.16', '6.1.1.16', '6.1.1.16', '6.1.1.16', '6.1.1.16', '6.1.1.16', '6.1.1.16', '6.1.1.16', '6.1.1.16', '6.1.1.16', '6.1.1.16', '6.1.1.16', '6.1.1.16', '6.1.1.16', '6.1.1.16', '6.1.1.16', '6.1.1.16', '6.1.1.16', '6.1.1.16', '6.1.1.16', '6.1.1.16', '6.1.1.16', '6.1.1.16', '6.1.1.16', '6.1.1.16', '6.1.1.16', '6.1.1.16', '6.1.1.16', '6.1.1.16', '6.1.1.16', '6.1.1.16', '6.1.1.16', '6.1.1.16', '6.1.1.16', '6.1.1.16', '6.1.1.16', '6.1.1.16', '6.1.1.16', '6.1.1.16', '6.1.1.16', '6.1.1.16', '6.1.1.16', '6.1.1.16', '6.1.1.16', '6.1.1.16', '6.1.1.16', '6.1.1.16', '6.1.1.16', '6.1.1.16', '6.1.1.16', '6.1.1.16', '6.1.1.16', '6.1.1.16', '6.1.1.16', '6.1.1.16', '6.1.1.16', '6.1.1.16', '6.1.1.16', '6.1.1.16', '6.1.1.16', '6.1.1.16', '6.1.1.16', '6.1.1.16', '6.1.1.16', '6.1.1.16', '6.1.1.16', '6.1.1.16', '6.1.1.16', '6.1.1.16', '6.1.1.16', '6.1.1.16', '6.1.1.16', '6.1.1.16', '6.1.1.16', '6.1.1.16', '6.1.1.16', '6.1.1.16', '6.1.1.16', '6.1.1.16', '6.1.1.16', '6.1.1.16', '6.1.1.16', '6.1.1.16', '6.1.1.16', '6.1.1.16', '6.1.1.16', '6.1.1.16', '6.1.1.16', '6.1.1.16', '6.1.1.16', '6.1.1.16', '6.1.1.16', '6.1.1.16', '6.1.1.16', '6.1.1.16', '6.1.1.16', '6.1.1.16', '6.1.1.16', '6.1.1.16', '6.1.1.16', '6.1.1.16', '6.1.1.16', '6.1.1.16', '6.1.1.16', '6.1.1.16', '6.1.1.16', '6.1.1.16', '6.1.1.16', '6.1.1.16', '6.1.1.16', '6.1.1.16', '6.1.1.16', '6.1.1.16', '6.1.1.16', '6.1.1.16', '6.1.1.16', '6.1.1.16', '6.1.1.16', '6.1.1.16', '6.1.1.16', '6.1.1.16', '6.1.1.16', '6.1.1.16', '6.1.1.16', '6.1.1.16', '6.1.1.16', '6.1.1.16', '6.1.1.16', '6.1.1.16', '6.1.1.16', '6.1.1.16', '6.1.1.16', '6.1.1.16', '6.1.1.16', '6.1.1.16', '6.1.1.16', '6.1.1.16', '6.1.1.16', '6.1.1.16', '6.1.1.16', '6.1.1.16', '6.1.1.16', '6.1.1.16', '6.1.1.16', '6.1.1.16', '6.1.1.16', '6.1.1.16', '6.1.1.16', '6.1.1.16', '6.1.1.16', '6.1.1.16', '6.1.1.16', '6.1.1.16', '6.1.1.16', '6.1.1.16', '6.1.1.16', '6.1.1.16', '6.1.1.16', '6.1.1.16', '6.1.1.16', '6.1.1.16', '6.1.1.16', '6.1.1.16', '6.1.1.16', '6.1.1.16', '6.1.1.16', '6.1.1.16', '6.1.1.16', '6.1.1.16', '6.1.1.16', '6.1.1.16', '6.1.1.16', '6.1.1.16', '6.1.1.16', '6.1.1.16', '6.1.1.16', '6.1.1.16', '6.1.1.16', '6.1.1.16', '6.1.1.16', '6.1.1.16', '6.1.1.16', '6.1.1.16', '6.1.1.16', '6.1.1.16', '6.1.1.16', '6.1.1.16', '6.1.1.16', '6.1.1.16', '6.1.1.16', '6.1.1.16', '6.1.1.16', '6.1.1.16', '6.1.1.16', '6.1.1.16', '6.1.1.16', '6.1.1.16', '6.1.1.16', '6.1.1.16', '6.1.1.16', '6.1.1.16', '6.1.1.16', '6.1.1.16', '6.1.1.16', '6.1.1.16', '6.1.1.16', '6.1.1.16', '6.1.1.16', '6.1.1.16', '6.1.1.16', '6.1.1.16', '6.1.1.16', '6.1.1.16', '6.1.1.16', '6.1.1.16', '6.1.1.16', '6.1.1.16', '6.1.1.16', '6.1.1.16', '6.1.1.16', '6.1.1.16', '6.1.1.16', '6.1.1.16', '6.1.1.16', '6.1.1.16', '6.1.1.16', '6.1.1.16', '6.1.1.16', '6.1.1.16', '6.1.1.16', '6.1.1.16', '6.1.1.16', '6.1.1.16', '6.1.1.16', '6.1.1.16', '6.1.1.16', '6.1.1.16', '6.1.1.16', '6.1.1.16', '6.1.1.16', '6.1.1.16', '6.1.1.16', '6.1.1.16', '6.1.1.16', '6.1.1.16', '6.1.1.16', '6.1.1.16', '6.1.1.16', '6.1.1.16', '6.1.1.16', '6.1.1.16', '6.1.1.16', '6.1.1.16', '6.1.1.16', '6.1.1.16', '6.1.1.16', '6.1.1.16', '6.1.1.16', '6.1.1.16', '6.1.1.16', '6.1.1.16', '6.1.1.16', '6.1.1.16', '6.1.1.16', '6.1.1.16', '6.1.1.16', '6.1.1.16', '6.1.1.16', '6.1.1.16', '6.1.1.16', '6.1.1.16', '6.1.1.16', '6.1.1.16', '6.1.1.16', '6.1.1.16', '6.1.1.16', '6.1.1.16', '6.1.1.16', '6.1.1.16', '6.1.1.16', '6.1.1.16', '6.1.1.16', '6.1.1.16', '6.1.1.16', '6.1.1.16', '6.1.1.16', '6.1.1.16', '6.1.1.16', '6.1.1.16', '6.1.1.16', '6.1.1.16', '6.1.1.16', '6.1.1.16', '6.1.1.16', '6.1.1.16', '6.1.1.16', '6.1.1.16', '6.1.1.16', '6.1.1.16', '6.1.1.16', '6.1.1.16', '6.1.1.16', '6.1.1.16', '6.1.1.16', '6.1.1.16', '6.1.1.16', '6.1.1.16', '6.1.1.16', '6.1.1.16', '6.1.1.16', '6.1.1.16', '6.1.1.16', '6.1.1.16', '6.1.1.16', '6.1.1.16', '6.1.1.16', '6.1.1.16', '6.1.1.16', '6.1.1.16', '6.1.1.16', '6.1.1.16', '6.1.1.16', '6.1.1.16', '6.1.1.16', '6.1.1.16', '6.1.1.16', '6.1.1.16', '6.1.1.16', '6.1.1.16', '6.1.1.16', '6.1.1.16', '6.1.1.16', '6.1.1.16', '6.1.1.16', '6.1.1.16', '6.1.1.16', '6.1.1.16', '6.1.1.16', '6.1.1.16', '6.1.1.16', '6.1.1.16', '6.1.1.16', '6.1.1.16', '6.1.1.16', '6.1.1.16', '6.1.1.16', '6.1.1.16', '6.1.1.16', '6.1.1.16', '6.1.1.16', '6.1.1.16', '6.1.1.16', '6.1.1.16', '6.1.1.16', '6.1.1.16', '6.1.1.16', '6.1.1.16', '6.1.1.16', '6.1.1.16', '6.1.1.16', '6.1.1.16', '6.1.1.16', '6.1.1.16', '6.1.1.16', '6.1.1.16', '6.1.1.16', '6.1.1.16', '6.1.1.16', '6.1.1.16', '6.1.1.16', '6.1.1.16', '6.1.1.16', '6.1.1.16', '6.1.1.16', '6.1.1.16', '6.1.1.16', '6.1.1.16', '6.1.1.16', '6.1.1.16', '6.1.1.16', '6.1.1.16', '6.1.1.16', '6.1.1.16', '6.1.1.16', '6.1.1.16', '6.1.1.16', '6.1.1.16', '6.1.1.16', '6.1.1.16', '6.1.1.16', '6.1.1.16', '6.1.1.16', '6.1.1.16', '6.1.1.16', '6.1.1.16', '6.1.1.16', '6.1.1.16', '6.1.1.16', '6.1.1.16', '6.1.1.16', '6.1.1.16', '6.1.1.16', '6.1.1.16', '6.1.1.16', '6.1.1.16', '6.1.1.16', '6.1.1.16', '6.1.1.16', '6.1.1.16', '6.1.1.16', '6.1.1.16', '6.1.1.16', '6.1.1.16', '6.1.1.16', '6.1.1.16', '6.1.1.16', '6.1.1.16', '6.1.1.16', '6.1.1.16', '6.1.1.16', '6.1.1.16', '6.1.1.16', '6.1.1.16', '6.1.1.16', '6.1.1.16', '6.1.1.16', '6.1.1.16', '6.1.1.16', '6.1.1.16', '6.1.1.16', '6.1.1.16', '6.1.1.16', '6.1.1.16', '6.1.1.16', '6.1.1.16', '6.1.1.16', '6.1.1.16', '6.1.1.16', '6.1.1.16', '6.1.1.16', '6.1.1.16', '6.1.1.16', '6.1.1.16', '6.1.1.16', '6.1.1.16', '6.1.1.16', '6.1.1.16', '6.1.1.16', '6.1.1.16', '6.1.1.16', '6.1.1.16', '6.1.1.16', '6.1.1.16', '6.1.1.16', '6.1.1.16', '6.1.1.16', '6.1.1.16', '6.1.1.16', '6.1.1.16', '6.1.1.16', '6.1.1.16', '6.1.1.16', '6.1.1.16', '6.1.1.16', '6.1.1.16', '6.1.1.16', '6.1.1.16', '6.1.1.16']",,0.8636304700374603,584,,1.0000001192092896,1.0000001192092896
test-ec-onehot-uniref,ba63000,3.5.1.2,no-tax,train_common,900,0.7744444444444445,0.7511111111111111,676,0.9940828402366864,672,3.9598214285714284,0.8898809523809523,598,221.76326905150313,,,,,0.8898809523809523,,0.6965782499999998,0.046130952380952384,0.8586309523809523,"['3.5.1.2', '3.5.1.2', '3.5.1.2', '3.5.1.2', '3.5.1.2', '3.5.1.2', '3.5.1.2', '3.5.1.2', '3.5.1.2; 4.3.2.10', '3.5.1.2', '3.5.1.2', '3.5.1.2', '3.5.1.2', '3.5.1.2', '3.5.1.2', '3.5.1.2', '3.5.1.2', '3.5.1.2', '3.5.1.2', '3.5.1.2', '3.5.1.2; 4.3.2.10', '3.5.1.2', '3.5.1.2', '3.5.1.2', '3.5.1.2; 4.3.3.6', '3.5.1.2', '3.5.1.2', '3.5.1.2', '3.5.1.2', '3.5.1.2; 4.3.2.10', '3.5.1.2', '3.5.1.2', '3.5.1.2', '3.5.1.2', '3.5.1.2', '3.5.1.2', '3.5.1.2; 4.3.2.10', '3.5.1.2', '3.5.1.2', '3.5.1.2', '3.5.1.2', '3.5.1.2', '3.5.1.2', '3.5.1.2; 4.3.2.10', '3.5.1.2', '3.5.1.2', '3.5.1.2', '3.5.1.2', '3.5.1.2', '3.5.1.2', '3.5.1.2', '3.5.1.2', '3.5.1.2', '3.5.1.2', '3.5.1.2', '3.5.1.2', '3.5.1.2', '3.5.1.2', '3.5.1.2', '3.5.1.2', '3.5.1.2', '3.5.1.2', '3.5.1.2; 4.3.2.10', '3.5.1.2', '3.5.1.2', '3.5.1.2', '3.5.1.2', '3.5.1.2', '3.5.1.2', '3.5.1.2', '3.5.1.2', '3.5.1.2', '3.5.1.2', '3.5.1.2', '3.5.1.2; 4.3.2.10', '3.5.1.2', '3.5.1.2', '3.5.1.2', '3.5.1.2', '3.5.1.2; 4.3.2.10', '3.5.1.2', '3.5.1.2; 4.3.3.6', '3.5.1.2', '3.5.1.2', '3.5.1.2', '3.5.1.2', '3.5.1.2', '3.5.1.2', '3.5.1.2', '3.5.1.2', '3.5.1.2', '3.5.1.2', '3.5.1.2', '3.5.1.2; 4.3.2.10', '3.5.1.2', '3.5.1.2', '3.5.1.2', '3.5.1.2', '3.5.1.2', '3.5.1.2', '3.5.1.2', '3.5.1.2', '3.5.1.2', '3.5.1.2', '3.5.1.2', '3.5.1.2', '3.5.1.2', '3.5.1.2', '3.5.1.2', '3.5.1.2', '3.5.1.2', '3.5.1.2', '3.5.1.2', '3.5.1.2', '3.5.1.2', '3.5.1.2', '3.5.1.2', '3.5.1.2', '3.5.1.2', '3.5.1.2', '3.5.1.2', '3.5.1.2', '3.5.1.2', '3.5.1.2', '3.5.1.2', '3.5.1.2', '3.5.1.2', '3.5.1.2', '3.5.1.2', '3.5.1.2', '3.5.1.2', '3.5.1.2', '3.5.1.2; 4.3.2.10', '3.5.1.2', '3.5.1.2', '3.5.1.2', '3.5.1.2', '3.5.1.2', '3.5.1.2', '3.5.1.2', '3.5.1.2; 4.3.3.6', '3.5.1.2', '3.5.1.2', '3.5.1.2', '3.5.1.2', '3.5.1.2; 4.3.2.10', '3.5.1.2; 4.3.2.10', '3.5.1.2', '3.5.1.2', '3.5.1.2', '3.5.1.2', '3.5.1.2', '3.5.1.2', '3.5.1.2', '3.5.1.2; 4.3.3.6', '3.5.1.2', '3.5.1.2', '3.5.1.2', '3.5.1.2', '3.5.1.2', '3.5.1.2', '3.5.1.2', '3.5.1.2', '3.5.1.2', '3.5.1.2', '3.5.1.2; 4.3.3.6', '3.5.1.2', '3.5.1.2', '3.5.1.2', '3.5.1.2', '3.5.1.2; 4.3.3.6', '3.5.1.2', '3.5.1.2', '3.5.1.2', '3.5.1.2', '3.5.1.2', '3.5.1.2', '3.5.1.2', '3.5.1.2', '3.5.1.2', '6.3.5.2', '3.5.1.2', '3.5.1.2', '3.5.1.2', '3.5.1.2', '3.5.1.2', '3.5.1.2', '3.5.1.2; 4.3.2.10', '3.5.1.2', '3.5.1.2', '3.5.1.2', '3.5.1.2', '3.5.1.2; 4.3.2.10', '3.5.1.2', '3.5.1.2', '3.5.1.2', '3.5.1.2', '3.5.1.2', '3.5.1.2; 4.3.3.6', '3.5.1.2', '3.5.1.2', '3.5.1.2', '3.5.1.2', '3.5.1.2', '3.5.1.2', '3.5.1.2', '3.5.1.2', '3.5.1.2', '3.5.1.2', '3.5.1.2', '3.5.1.2', '3.5.1.2', '3.5.1.2', '3.5.1.2', '3.5.1.2', '3.5.1.2', '3.5.1.2', '3.5.1.2', '3.5.1.2', '3.5.1.2', '3.5.1.2', '3.5.1.2', '3.5.1.2', '3.5.1.2', '3.5.1.2', '3.5.1.2', '3.5.1.2', '3.5.1.2', '3.5.1.2', '3.5.1.2', '3.5.1.2', '3.5.1.2; 4.3.2.10', '3.5.1.2', '3.5.1.2', '3.5.1.2', '3.5.1.2', '3.5.1.2', '3.5.1.2', '3.5.1.2', '3.5.1.2; 4.3.3.6', '3.5.1.2', '3.5.1.2', '3.5.1.2', '3.5.1.2', '3.5.1.2', '3.5.1.2', '3.5.1.2', '3.5.1.2', '3.5.1.2', '3.5.1.2', '3.5.1.2', '3.5.1.2', '3.5.1.2', '3.5.1.2', '3.5.1.2', '3.5.1.2', '3.5.1.2', '3.5.1.2; 4.3.3.6', '3.5.1.2', '3.5.1.2', '3.5.1.2; 4.3.2.10', '3.5.1.2', '3.5.1.2', '3.5.1.2', '3.5.1.2', '3.5.1.2', '3.5.1.2; 4.3.3.6', '3.5.1.2', '3.5.1.2', '3.5.1.2', '3.5.1.2', '3.5.1.2; 4.3.3.6', '3.5.1.2', '3.5.1.2', '4.2.1.17', '3.5.1.2', '3.5.1.2', '3.5.1.2; 4.3.3.6', '3.5.1.2', '3.5.1.2', '3.5.1.2', '3.5.1.2', '3.5.1.2', '3.5.1.2', '3.5.1.2', '3.5.1.2', '3.5.1.2', '3.5.1.2; 4.3.3.6', '3.5.1.2', '3.5.1.2', '3.5.1.2', '3.5.1.2', '3.5.1.2', '3.5.1.2', '3.5.1.2', '3.5.1.2', '3.5.1.2', '3.5.1.2', '3.5.1.2', '3.5.1.2', '3.5.1.2', '3.5.1.2', '3.5.1.2', '3.5.1.2', '3.5.1.2', '3.5.1.2; 4.3.2.10', '3.5.1.2', '3.5.1.2', '3.5.1.2', '3.5.1.2; 4.3.3.6', '3.5.1.2', '3.5.1.2', '3.5.1.2', '3.5.1.2', '3.5.1.2; 4.3.2.10', '6.2.1.12', '3.5.1.2', '3.5.1.2', '3.5.1.2', '3.5.1.2', '3.5.1.2', '3.5.1.2', '3.5.1.2', '3.5.1.2', '3.5.1.2', '3.5.1.2', '3.5.1.2', '3.5.1.2', '3.5.1.2', '3.5.1.2', '3.5.1.2', '3.5.1.2', '3.5.1.2', '3.5.1.2', '3.5.1.2', '3.5.1.2', '3.5.1.2', '3.5.1.2', '3.5.1.2', '3.5.1.2', '3.5.1.2', '3.5.1.2', '3.5.1.2', '3.5.1.2', '3.5.1.2', '3.5.1.2', '3.5.1.2', '3.5.1.2', '3.5.1.2', '3.5.1.2', '3.5.1.2', '3.5.1.2', '3.5.1.2', '3.5.1.2', '3.5.1.2', '3.5.1.2', '3.5.1.2', '3.5.1.2', '3.5.1.2', '3.5.1.2', '3.5.1.2; 4.3.3.6', '3.5.1.2', '3.5.1.2', '3.5.1.2; 4.3.2.10', '3.5.1.2', '3.5.1.2', '3.5.1.2', '3.5.1.2', '3.5.1.2', '3.5.1.2', '3.5.1.2', '3.5.1.2', '3.5.1.2', '3.5.1.2', '3.5.1.2', '3.5.1.2', '3.5.1.2', '3.5.1.2', '3.5.1.2', '3.5.1.2', '3.5.1.2', '3.5.1.2', '3.5.1.2', '3.5.1.2', '3.5.1.2', '3.5.1.2', '3.5.1.2', '3.5.1.2', '3.5.1.2', '3.5.1.2; 4.3.2.10', '3.5.1.2', '3.5.1.2; 4.3.2.10', '3.5.1.2', '6.2.1.3', '3.5.1.2', '3.5.1.2', '3.5.1.2', '3.5.1.2', '3.5.1.2; 4.3.3.6', '3.5.1.2', '3.4.19.5', '3.5.1.2', '3.5.1.2', '3.5.1.2', '3.5.1.2', '3.5.1.2', '3.5.1.2', '3.5.1.2', '3.5.1.2', '3.5.1.2', '3.5.1.2; 4.3.3.6', '3.5.1.2', '3.5.1.2', '3.5.1.2', '3.5.1.2', '3.5.1.2', '3.5.1.2', '3.5.1.2; 4.3.2.10', '3.5.1.2', '3.5.1.2', '3.5.1.2', '3.5.1.2', '1.1.99.39', '3.5.1.2', '3.5.1.2', '3.5.1.2', '3.5.1.2; 4.3.3.6', '3.5.1.2', '3.5.1.2', '3.5.1.2', '3.5.1.2', '3.5.1.2', '3.5.1.2', '3.5.1.2', '3.5.1.2', '3.5.1.2', '3.5.1.2', '3.5.1.2', '3.5.1.2', '3.5.1.2', '3.5.1.2', '3.5.1.2', '3.5.1.2', '3.5.1.2', '3.5.1.2', '3.5.1.2', '3.5.1.2', '3.5.1.2', '3.5.1.2', '3.5.1.2', '3.5.1.2', '3.5.1.2', '3.5.1.2', '3.5.1.2', '3.5.1.2', '3.5.1.2', '3.5.1.2', '3.5.1.2', '3.5.1.2', '3.5.1.2', '3.5.1.2', '3.5.1.2', '3.5.1.2', '3.5.1.2', '3.5.1.2', '3.5.1.2', '3.5.1.2', '3.5.1.2', '3.5.1.2', '3.5.1.2; 4.3.2.10', '3.5.1.2', '3.5.1.2', '3.5.1.2', '3.5.1.2', '3.5.1.2', '3.5.1.2', '3.5.1.2', '3.5.1.2', '3.5.1.2', '3.5.1.2', '3.5.1.2', '3.5.1.2', '3.5.1.2', '3.5.1.2', '3.5.1.2', '3.5.1.2', '3.5.1.2', '3.5.1.2', '3.5.1.2', '3.5.1.2', '3.5.1.2', '3.5.1.2', '3.5.1.2', '3.5.1.2', '3.5.1.2; 4.3.2.10', '3.5.1.2; 4.3.3.6', '3.5.1.2', '3.5.1.2', '3.5.1.2', '3.5.1.2', '3.5.1.2', '3.5.1.2', '3.5.1.2', '3.5.1.2', '3.5.1.2', '3.5.1.2', '3.5.1.2; 4.3.3.6', '3.5.1.2; 4.3.3.6', '3.5.1.2', '3.5.1.2', '3.5.1.2', '3.5.1.2; 4.3.2.10', '3.5.1.2', '3.5.1.2', '3.5.1.2', '3.5.1.2', '3.5.1.2', '3.5.1.2; 4.3.3.6', '3.5.1.2', '3.5.1.2', '3.5.1.2', '3.5.1.2', '3.5.1.2', '3.5.1.2', '3.5.1.2', '3.5.1.2; 4.3.2.10', '3.5.1.2', '3.5.1.2; 4.3.2.10', '3.5.1.2', '3.5.1.2', '3.5.1.2', '3.5.1.2', '3.5.1.2', '3.5.1.2; 4.3.2.10', '3.5.1.2; 4.3.3.6', '3.5.1.2', '3.5.1.2', '3.5.1.2', '3.5.1.2', '3.5.1.2', '3.5.1.2', '3.5.1.2; 4.3.2.10', '3.5.1.2', '3.5.1.2', '3.5.1.2', '3.5.1.2; 4.3.3.6', '3.5.1.2', '3.5.1.2; 4.3.3.6', '3.5.1.2', '3.5.1.2', '3.5.1.2', '3.5.1.2', '3.5.1.2', '3.5.1.2', '3.5.1.2; 4.3.2.10', '3.5.1.2', '3.5.1.2', '3.5.1.2', '3.5.1.2', '3.5.1.2', '3.5.1.2; 4.3.2.10', '3.5.1.2', '3.5.1.2', '3.5.1.2', '3.5.1.2', '3.5.1.2', '3.5.1.2', '3.5.1.2', '3.5.1.2', '3.5.1.2', '3.5.1.2', '3.5.1.2', '3.5.1.2', '3.5.1.2', '3.5.1.2; 4.3.3.6', '3.5.1.2', '3.5.1.2', '3.5.1.2', '3.5.1.2', '3.5.1.2', '3.5.1.2', '3.5.1.2', '3.5.1.2', '3.5.1.2', '3.5.1.2', '1.2.1.41', '3.5.1.2', '3.5.1.2', '3.5.1.2', '3.5.1.2', '3.5.1.2', '3.5.1.2; 4.3.3.6', '3.5.1.2', '3.5.1.2', '3.5.1.2', '3.5.1.2', '3.5.1.2', '3.5.1.2', '3.5.1.2; 4.3.2.10', '3.5.1.2', '3.5.1.2', '3.5.1.2', '3.5.1.2; 4.3.3.6', '3.5.1.2', '3.5.1.2; 4.3.3.6', '3.5.1.2', '3.5.1.2', '3.5.1.2', '3.5.1.2', '3.5.1.2', '3.5.1.2', '3.5.1.2', '3.5.1.2', '3.5.1.2', '3.5.1.2', '3.5.1.2', '3.5.1.2', '3.5.1.2', '3.5.1.2', '3.5.1.2; 4.3.2.10', '3.5.1.2', '3.5.1.2', '3.5.1.2', '3.5.1.2', '3.5.1.2', '3.5.1.2; 4.3.2.10', '3.5.1.2', '3.5.1.2', '3.5.1.2', '3.5.1.2', '3.5.1.2', '3.5.1.2', '3.5.1.2', '3.5.1.2', '3.5.1.2', '3.5.1.2; 4.3.2.10', '3.5.1.2', '3.5.1.2', '3.5.1.2', '3.5.1.2', '3.5.1.2; 4.3.2.10', '3.5.1.2', '3.5.1.2', '3.5.1.2', '3.5.1.2', '3.5.1.2', '3.5.1.2', '3.5.1.2', '3.5.1.2', '3.5.1.2', '3.5.1.2', '3.5.1.2', '3.5.1.2', '3.5.1.2', '3.5.1.2', '3.5.1.2', '3.5.1.2', '3.5.1.2', '3.5.1.2', '3.5.1.2; 4.3.2.10', '3.5.1.2', '3.5.1.2', '3.5.1.2', '3.5.1.2', '3.5.1.2; 4.3.2.10', '3.5.1.2', '3.5.1.2', '3.5.1.2', '3.5.1.2', '3.5.1.2', '3.5.1.2', '3.5.1.2']",,0.8322959381341934,613,,1.0000001192092896,1.0000001192092896
test-ec-onehot-uniref,ba63000,3.6.1.27,no-tax,train_common,900,0.93,0.9288888888888889,836,1.0,836,4.0,1.0,836,285.53831775700934,,,,,1.0,,0.6307206220095695,0.056220095693779906,0.8217703349282297,"['3.6.1.27', '3.6.1.27', '3.6.1.27', '3.6.1.27', '3.6.1.27', '3.6.1.27', '3.6.1.27', '3.6.1.27', '3.6.1.27', '3.6.1.27', '3.6.1.27', '3.6.1.27', '3.6.1.27', '3.6.1.27', '3.6.1.27', '3.6.1.27', '3.6.1.27', '3.6.1.27', '3.6.1.27', '3.6.1.27', '3.6.1.27', '3.6.1.27', '3.6.1.27', '3.6.1.27', '3.6.1.27', '3.6.1.27', '3.6.1.27', '3.6.1.27', '3.6.1.27', '3.6.1.27', '3.6.1.27', '3.6.1.27', '3.6.1.27', '3.6.1.27', '3.6.1.27', '3.6.1.27', '3.6.1.27', '3.6.1.27', '3.6.1.27', '3.6.1.27', '3.6.1.27', '3.6.1.27', '3.6.1.27', '3.6.1.27', '3.6.1.27', '3.6.1.27', '3.6.1.27', '3.6.1.27', '3.6.1.27', '3.6.1.27', '3.6.1.27', '3.6.1.27', '3.6.1.27', '3.6.1.27', '3.6.1.27', '3.6.1.27', '3.6.1.27', '3.6.1.27', '3.6.1.27', '3.6.1.27', '3.6.1.27', '3.6.1.27', '3.6.1.27', '3.6.1.27', '3.6.1.27', '3.6.1.27', '3.6.1.27', '3.6.1.27', '3.6.1.27', '3.6.1.27', '3.6.1.27', '3.6.1.27', '3.6.1.27', '3.6.1.27', '3.6.1.27', '3.6.1.27', '3.6.1.27', '3.6.1.27', '3.6.1.27', '3.6.1.27', '3.6.1.27', '3.6.1.27', '3.6.1.27', '3.6.1.27', '3.6.1.27', '3.6.1.27', '3.6.1.27', '3.6.1.27', '3.6.1.27', '3.6.1.27', '3.6.1.27', '3.6.1.27', '3.6.1.27', '3.6.1.27', '3.6.1.27', '3.6.1.27', '3.6.1.27', '3.6.1.27', '3.6.1.27', '3.6.1.27', '3.6.1.27', '3.6.1.27', '3.6.1.27', '3.6.1.27', '3.6.1.27', '3.6.1.27', '3.6.1.27', '3.6.1.27', '3.6.1.27', '3.6.1.27', '3.6.1.27', '3.6.1.27', '3.6.1.27', '3.6.1.27', '3.6.1.27', '3.6.1.27', '3.6.1.27', '3.6.1.27', '3.6.1.27', '3.6.1.27', '3.6.1.27', '3.6.1.27', '3.6.1.27', '3.6.1.27', '3.6.1.27', '3.6.1.27', '3.6.1.27', '3.6.1.27', '3.6.1.27', '3.6.1.27', '3.6.1.27', '3.6.1.27', '3.6.1.27', '3.6.1.27', '3.6.1.27', '3.6.1.27', '3.6.1.27', '3.6.1.27', '3.6.1.27', '3.6.1.27', '3.6.1.27', '3.6.1.27', '3.6.1.27', '3.6.1.27', '3.6.1.27', '3.6.1.27', '3.6.1.27', '3.6.1.27', '3.6.1.27', '3.6.1.27', '3.6.1.27', '3.6.1.27', '3.6.1.27', '3.6.1.27', '3.6.1.27', '3.6.1.27', '3.6.1.27', '3.6.1.27', '3.6.1.27', '3.6.1.27', '3.6.1.27', '3.6.1.27', '3.6.1.27', '3.6.1.27', '3.6.1.27', '3.6.1.27', '3.6.1.27', '3.6.1.27', '3.6.1.27', '3.6.1.27', '3.6.1.27', '3.6.1.27', '3.6.1.27', '3.6.1.27', '3.6.1.27', '3.6.1.27', '3.6.1.27', '3.6.1.27', '3.6.1.27', '3.6.1.27', '3.6.1.27', '3.6.1.27', '3.6.1.27', '3.6.1.27', '3.6.1.27', '3.6.1.27', '3.6.1.27', '3.6.1.27', '3.6.1.27', '3.6.1.27', '3.6.1.27', '3.6.1.27', '3.6.1.27', '3.6.1.27', '3.6.1.27', '3.6.1.27', '3.6.1.27', '3.6.1.27', '3.6.1.27', '3.6.1.27', '3.6.1.27', '3.6.1.27', '3.6.1.27', '3.6.1.27', '3.6.1.27', '3.6.1.27', '3.6.1.27', '3.6.1.27', '3.6.1.27', '3.6.1.27', '3.6.1.27', '3.6.1.27', '3.6.1.27', '3.6.1.27', '3.6.1.27', '3.6.1.27', '3.6.1.27', '3.6.1.27', '3.6.1.27', '3.6.1.27', '3.6.1.27', '3.6.1.27', '3.6.1.27', '3.6.1.27', '3.6.1.27', '3.6.1.27', '3.6.1.27', '3.6.1.27', '3.6.1.27', '3.6.1.27', '3.6.1.27', '3.6.1.27', '3.6.1.27', '3.6.1.27', '3.6.1.27', '3.6.1.27', '3.6.1.27', '3.6.1.27', '3.6.1.27', '3.6.1.27', '3.6.1.27', '3.6.1.27', '3.6.1.27', '3.6.1.27', '3.6.1.27', '3.6.1.27', '3.6.1.27', '3.6.1.27', '3.6.1.27', '3.6.1.27', '3.6.1.27', '3.6.1.27', '3.6.1.27', '3.6.1.27', '3.6.1.27', '3.6.1.27', '3.6.1.27', '3.6.1.27', '3.6.1.27', '3.6.1.27', '3.6.1.27', '3.6.1.27', '3.6.1.27', '3.6.1.27', '3.6.1.27', '3.6.1.27', '3.6.1.27', '3.6.1.27', '3.6.1.27', '3.6.1.27', '3.6.1.27', '3.6.1.27', '3.6.1.27', '3.6.1.27', '3.6.1.27', '3.6.1.27', '3.6.1.27', '3.6.1.27', '3.6.1.27', '3.6.1.27', '3.6.1.27', '3.6.1.27', '3.6.1.27', '3.6.1.27', '3.6.1.27', '3.6.1.27', '3.6.1.27', '3.6.1.27', '3.6.1.27', '3.6.1.27', '3.6.1.27', '3.6.1.27', '3.6.1.27', '3.6.1.27', '3.6.1.27', '3.6.1.27', '3.6.1.27', '3.6.1.27', '3.6.1.27', '3.6.1.27', '3.6.1.27', '3.6.1.27', '3.6.1.27', '3.6.1.27', '3.6.1.27', '3.6.1.27', '3.6.1.27', '3.6.1.27', '3.6.1.27', '3.6.1.27', '3.6.1.27', '3.6.1.27', '3.6.1.27', '3.6.1.27', '3.6.1.27', '3.6.1.27', '3.6.1.27', '3.6.1.27', '3.6.1.27', '3.6.1.27', '3.6.1.27', '3.6.1.27', '3.6.1.27', '3.6.1.27', '3.6.1.27', '3.6.1.27', '3.6.1.27', '3.6.1.27', '3.6.1.27', '3.6.1.27', '3.6.1.27', '3.6.1.27', '3.6.1.27', '3.6.1.27', '3.6.1.27', '3.6.1.27', '3.6.1.27', '3.6.1.27', '3.6.1.27', '3.6.1.27', '3.6.1.27', '3.6.1.27', '3.6.1.27', '3.6.1.27', '3.6.1.27', '3.6.1.27', '3.6.1.27', '3.6.1.27', '3.6.1.27', '3.6.1.27', '3.6.1.27', '3.6.1.27', '3.6.1.27', '3.6.1.27', '3.6.1.27', '3.6.1.27', '3.6.1.27', '3.6.1.27', '3.6.1.27', '3.6.1.27', '3.6.1.27', '3.6.1.27', '3.6.1.27', '3.6.1.27', '3.6.1.27', '3.6.1.27', '3.6.1.27', '3.6.1.27', '3.6.1.27', '3.6.1.27', '3.6.1.27', '3.6.1.27', '3.6.1.27', '3.6.1.27', '3.6.1.27', '3.6.1.27', '3.6.1.27', '3.6.1.27', '3.6.1.27', '3.6.1.27', '3.6.1.27', '3.6.1.27', '3.6.1.27', '3.6.1.27', '3.6.1.27', '3.6.1.27', '3.6.1.27', '3.6.1.27', '3.6.1.27', '3.6.1.27', '3.6.1.27', '3.6.1.27', '3.6.1.27', '3.6.1.27', '3.6.1.27', '3.6.1.27', '3.6.1.27', '3.6.1.27', '3.6.1.27', '3.6.1.27', '3.6.1.27', '3.6.1.27', '3.6.1.27', '3.6.1.27', '3.6.1.27', '3.6.1.27', '3.6.1.27', '3.6.1.27', '3.6.1.27', '3.6.1.27', '3.6.1.27', '3.6.1.27', '3.6.1.27', '3.6.1.27', '3.6.1.27', '3.6.1.27', '3.6.1.27', '3.6.1.27', '3.6.1.27', '3.6.1.27', '3.6.1.27', '3.6.1.27', '3.6.1.27', '3.6.1.27', '3.6.1.27', '3.6.1.27', '3.6.1.27', '3.6.1.27', '3.6.1.27', '3.6.1.27', '3.6.1.27', '3.6.1.27', '3.6.1.27', '3.6.1.27', '3.6.1.27', '3.6.1.27', '3.6.1.27', '3.6.1.27', '3.6.1.27', '3.6.1.27', '3.6.1.27', '3.6.1.27', '3.6.1.27', '3.6.1.27', '3.6.1.27', '3.6.1.27', '3.6.1.27', '3.6.1.27', '3.6.1.27', '3.6.1.27', '3.6.1.27', '3.6.1.27', '3.6.1.27', '3.6.1.27', '3.6.1.27', '3.6.1.27', '3.6.1.27', '3.6.1.27', '3.6.1.27', '3.6.1.27', '3.6.1.27', '3.6.1.27', '3.6.1.27', '3.6.1.27', '3.6.1.27', '3.6.1.27', '3.6.1.27', '3.6.1.27', '3.6.1.27', '3.6.1.27', '3.6.1.27', '3.6.1.27', '3.6.1.27', '3.6.1.27', '3.6.1.27', '3.6.1.27', '3.6.1.27', '3.6.1.27', '3.6.1.27', '3.6.1.27', '3.6.1.27', '3.6.1.27', '3.6.1.27', '3.6.1.27', '3.6.1.27', '3.6.1.27', '3.6.1.27', '3.6.1.27', '3.6.1.27', '3.6.1.27', '3.6.1.27', '3.6.1.27', '3.6.1.27', '3.6.1.27', '3.6.1.27', '3.6.1.27', '3.6.1.27', '3.6.1.27', '3.6.1.27', '3.6.1.27', '3.6.1.27', '3.6.1.27', '3.6.1.27', '3.6.1.27', '3.6.1.27', '3.6.1.27', '3.6.1.27', '3.6.1.27', '3.6.1.27', '3.6.1.27', '3.6.1.27', '3.6.1.27', '3.6.1.27', '3.6.1.27', '3.6.1.27', '3.6.1.27', '3.6.1.27', '3.6.1.27', '3.6.1.27', '3.6.1.27', '3.6.1.27', '3.6.1.27', '3.6.1.27', '3.6.1.27', '3.6.1.27', '3.6.1.27', '3.6.1.27', '3.6.1.27', '3.6.1.27', '3.6.1.27', '3.6.1.27', '3.6.1.27', '3.6.1.27', '3.6.1.27', '3.6.1.27', '3.6.1.27', '3.6.1.27', '3.6.1.27', '3.6.1.27', '3.6.1.27', '3.6.1.27', '3.6.1.27', '3.6.1.27', '3.6.1.27', '3.6.1.27', '3.6.1.27', '3.6.1.27', '3.6.1.27', '3.6.1.27', '3.6.1.27', '3.6.1.27', '3.6.1.27', '3.6.1.27', '3.6.1.27', '3.6.1.27', '3.6.1.27', '3.6.1.27', '3.6.1.27', '3.6.1.27', '3.6.1.27', '3.6.1.27', '3.6.1.27', '3.6.1.27', '3.6.1.27', '3.6.1.27', '3.6.1.27', '3.6.1.27', '3.6.1.27', '3.6.1.27', '3.6.1.27', '3.6.1.27', '3.6.1.27', '3.6.1.27', '3.6.1.27', '3.6.1.27', '3.6.1.27', '3.6.1.27', '3.6.1.27', '3.6.1.27', '3.6.1.27', '3.6.1.27', '3.6.1.27', '3.6.1.27', '3.6.1.27', '3.6.1.27', '3.6.1.27', '3.6.1.27', '3.6.1.27', '3.6.1.27', '3.6.1.27', '3.6.1.27', '3.6.1.27', '3.6.1.27', '3.6.1.27', '3.6.1.27', '3.6.1.27', '3.6.1.27', '3.6.1.27', '3.6.1.27', '3.6.1.27', '3.6.1.27', '3.6.1.27', '3.6.1.27', '3.6.1.27', '3.6.1.27', '3.6.1.27', '3.6.1.27', '3.6.1.27', '3.6.1.27', '3.6.1.27', '3.6.1.27', '3.6.1.27', '3.6.1.27', '3.6.1.27', '3.6.1.27', '3.6.1.27', '3.6.1.27', '3.6.1.27', '3.6.1.27', '3.6.1.27', '3.6.1.27', '3.6.1.27', '3.6.1.27', '3.6.1.27', '3.6.1.27', '3.6.1.27', '3.6.1.27', '3.6.1.27', '3.6.1.27', '3.6.1.27', '3.6.1.27', '3.6.1.27', '3.6.1.27', '3.6.1.27', '3.6.1.27', '3.6.1.27', '3.6.1.27', '3.6.1.27', '3.6.1.27', '3.6.1.27', '3.6.1.27', '3.6.1.27', '3.6.1.27', '3.6.1.27', '3.6.1.27', '3.6.1.27', '3.6.1.27', '3.6.1.27', '3.6.1.27', '3.6.1.27', '3.6.1.27', '3.6.1.27', '3.6.1.27', '3.6.1.27', '3.6.1.27', '3.6.1.27', '3.6.1.27', '3.6.1.27', '3.6.1.27', '3.6.1.27', '3.6.1.27', '3.6.1.27', '3.6.1.27', '3.6.1.27', '3.6.1.27', '3.6.1.27', '3.6.1.27', '3.6.1.27', '3.6.1.27', '3.6.1.27', '3.6.1.27', '3.6.1.27', '3.6.1.27', '3.6.1.27', '3.6.1.27', '3.6.1.27', '3.6.1.27', '3.6.1.27', '3.6.1.27', '3.6.1.27', '3.6.1.27', '3.6.1.27', '3.6.1.27', '3.6.1.27', '3.6.1.27', '3.6.1.27', '3.6.1.27', '3.6.1.27', '3.6.1.27', '3.6.1.27', '3.6.1.27', '3.6.1.27', '3.6.1.27', '3.6.1.27', '3.6.1.27', '3.6.1.27', '3.6.1.27', '3.6.1.27', '3.6.1.27', '3.6.1.27', '3.6.1.27', '3.6.1.27', '3.6.1.27', '3.6.1.27', '3.6.1.27', '3.6.1.27', '3.6.1.27', '3.6.1.27', '3.6.1.27', '3.6.1.27', '3.6.1.27', '3.6.1.27', '3.6.1.27', '3.6.1.27', '3.6.1.27', '3.6.1.27', '3.6.1.27', '3.6.1.27', '3.6.1.27', '3.6.1.27', '3.6.1.27', '3.6.1.27', '3.6.1.27', '3.6.1.27', '3.6.1.27', '3.6.1.27', '3.6.1.27', '3.6.1.27', '3.6.1.27', '3.6.1.27', '3.6.1.27', '3.6.1.27', '3.6.1.27', '3.6.1.27', '3.6.1.27', '3.6.1.27', '3.6.1.27', '3.6.1.27', '3.6.1.27', '3.6.1.27', '3.6.1.27', '3.6.1.27', '3.6.1.27', '3.6.1.27', '3.6.1.27', '3.6.1.27', '3.6.1.27', '3.6.1.27', '3.6.1.27', '3.6.1.27', '3.6.1.27', '3.6.1.27', '3.6.1.27', '3.6.1.27', '3.6.1.27', '3.6.1.27', '3.6.1.27', '3.6.1.27', '3.6.1.27', '3.6.1.27', '3.6.1.27', '3.6.1.27', '3.6.1.27', '3.6.1.27', '3.6.1.27', '3.6.1.27', '3.6.1.27', '3.6.1.27', '3.6.1.27', '3.6.1.27', '3.6.1.27', '3.6.1.27', '3.6.1.27', '3.6.1.27', '3.6.1.27', '3.6.1.27', '3.6.1.27', '3.6.1.27', '3.6.1.27', '3.6.1.27', '3.6.1.27', '3.6.1.27', '3.6.1.27', '3.6.1.27', '3.6.1.27', '3.6.1.27', '3.6.1.27', '3.6.1.27', '3.6.1.27', '3.6.1.27', '3.6.1.27', '3.6.1.27', '3.6.1.27', '3.6.1.27', '3.6.1.27', '3.6.1.27', '3.6.1.27', '3.6.1.27', '3.6.1.27', '3.6.1.27', '3.6.1.27', '3.6.1.27', '3.6.1.27', '3.6.1.27', '3.6.1.27', '3.6.1.27', '3.6.1.27', '3.6.1.27', '3.6.1.27', '3.6.1.27', '3.6.1.27', '3.6.1.27', '3.6.1.27', '3.6.1.27', '3.6.1.27', '3.6.1.27', '3.6.1.27', '3.6.1.27', '3.6.1.27', '3.6.1.27', '3.6.1.27', '3.6.1.27', '3.6.1.27', '3.6.1.27', '3.6.1.27', '3.6.1.27', '3.6.1.27', '3.6.1.27', '3.6.1.27', '3.6.1.27', '3.6.1.27', '3.6.1.27', '3.6.1.27', '3.6.1.27', '3.6.1.27', '3.6.1.27']",,0.8882188826799393,535,,1.0,1.0
test-ec-onehot-uniref,ba63000,5.2.1.8,no-tax,train_common,900,0.4266666666666667,0.35555555555555557,320,0.95625,306,3.8562091503267975,0.9640522875816994,295,91.92978752050134,,,,,0.9640522875816994,,0.6534765980392158,0.16339869281045752,0.869281045751634,"['5.2.1.8', '5.2.1.8', '5.2.1.8', '5.2.1.8', '5.2.1.8', '5.2.1.8', '5.2.1.8', '5.2.1.8', '5.2.1.8', '5.2.1.8', '5.2.1.8', '5.2.1.8', '5.2.1.8', '5.2.1.8', '5.2.1.8', '5.2.1.8', '5.2.1.8', '5.2.1.8', '5.2.1.8', '5.2.1.8', '5.2.1.8', '3.1.26.3', '5.2.1.8', '5.2.1.8', '5.2.1.8', '5.2.1.8', '5.2.1.8', '5.2.1.8', '5.2.1.8', '5.2.1.8', '5.2.1.8', '5.2.1.8', '5.2.1.8', '5.2.1.8', '5.2.1.8', '5.2.1.8', '5.2.1.8', '5.2.1.8', '5.2.1.8', '5.2.1.8', '5.2.1.8', '5.2.1.8', '5.2.1.8', '5.2.1.8', '5.2.1.8', '5.2.1.8', '5.2.1.8', '5.2.1.8', '5.2.1.8', '5.2.1.8', '5.2.1.8', '5.2.1.8', '5.2.1.8', '5.2.1.8', '5.2.1.8', '5.2.1.8', '5.2.1.8', '5.2.1.8', '5.2.1.8', '5.2.1.8', '5.2.1.8', '5.2.1.8', '5.2.1.8', '5.2.1.8', '5.2.1.8', '5.2.1.8', '5.2.1.8', '5.2.1.8', '5.2.1.8', '5.2.1.8', '5.2.1.8', '5.2.1.8', '5.2.1.8', '5.2.1.8', '5.2.1.8', '2.3.3.16', '5.2.1.8', '5.2.1.8', '5.2.1.8', '5.2.1.8', '5.2.1.8', '5.2.1.8', '3.5.4.16', '5.2.1.8', '3.3.2.10', '5.2.1.8', '5.2.1.8', '5.2.1.8', '5.2.1.8', '5.2.1.8', '5.2.1.8', '5.2.1.8', '5.2.1.8', '5.2.1.8', '5.2.1.8', '5.2.1.8', '5.2.1.8', '1.3.1.n3', '5.2.1.8', '5.2.1.8', '5.2.1.8', '5.2.1.8', '5.2.1.8', '5.2.1.8', '5.2.1.8', '5.2.1.8', '5.2.1.8', '5.2.1.8', '5.2.1.8', '5.2.1.8', '5.2.1.8', '5.2.1.8', '5.2.1.8', '5.2.1.8', '5.2.1.8', '5.2.1.8', '2.7.1.11', '5.2.1.8', '5.2.1.8', '5.2.1.8', '5.2.1.8', '5.2.1.8', '5.2.1.8', '5.2.1.8', '5.2.1.8', '5.2.1.8', '5.2.1.8', '5.2.1.8', '5.2.1.8', '5.2.1.8', '5.2.1.8', '5.2.1.8', '5.2.1.8', '5.2.1.8', '5.2.1.8', '5.2.1.8', '5.2.1.8', '5.2.1.8', '5.2.1.8', '5.2.1.8', '5.2.1.8', '1.23.1.-', '5.2.1.8', '5.2.1.8', '5.2.1.8', '5.2.1.8', '3.5.2.6', '5.2.1.8', '5.2.1.8', '5.2.1.8', '5.2.1.8', '5.2.1.8', '5.2.1.8', '5.2.1.8', '5.2.1.8', '5.2.1.8', '5.2.1.8', '5.2.1.8', '5.2.1.8', '5.2.1.8', '5.2.1.8', '5.2.1.8', '5.2.1.8', '5.2.1.8', '5.2.1.8', '5.2.1.8', '5.2.1.8', '5.2.1.8', '5.2.1.8', '5.2.1.8', '5.2.1.8', '5.2.1.8', '5.2.1.8', '5.2.1.8', '5.2.1.8', '5.2.1.8', '5.2.1.8', '5.2.1.8', '5.2.1.8', '5.2.1.8', '5.2.1.8', '5.2.1.8', '5.2.1.8', '5.2.1.8', '5.2.1.8', '5.2.1.8', '5.2.1.8', '5.2.1.8', '5.2.1.8', '5.2.1.8', '5.2.1.8', '5.2.1.8', '5.2.1.8', '5.2.1.8', '5.2.1.8', '5.2.1.8', '5.2.1.8', '5.2.1.8', '5.2.1.8', '5.2.1.8', '5.2.1.8', '5.2.1.8', '5.2.1.8', '5.2.1.8', '5.2.1.8', '5.2.1.8', '5.2.1.8', '5.2.1.8', '5.2.1.8', '5.2.1.8', '5.2.1.8', '5.2.1.8', '1.1.1.408', '5.2.1.8', '5.2.1.8', '5.2.1.8', '5.2.1.8', '5.2.1.8', '5.2.1.8', '5.2.1.8', '5.2.1.8', '5.2.1.8', '5.2.1.8', '5.2.1.8', '5.2.1.8', '5.2.1.8', '5.2.1.8', '5.2.1.8', '5.2.1.8', '5.2.1.8', '5.2.1.8', '5.2.1.8', '5.2.1.8', '5.2.1.8', '5.2.1.8', '5.2.1.8', '5.2.1.8', '5.2.1.8', '5.2.1.8', '5.2.1.8', '5.2.1.8', '5.2.1.8', '5.2.1.8', '5.2.1.8', '5.2.1.8', '5.2.1.8', '5.2.1.8', '5.2.1.8', '5.2.1.8', '5.2.1.8', '5.2.1.8', '5.2.1.8', '5.2.1.8', '3.6.1.66', '5.2.1.8', '5.2.1.8', '5.2.1.8', '5.2.1.8', '5.2.1.8', '5.2.1.8', '5.2.1.8', '5.2.1.8', '5.2.1.8', '5.2.1.8', '5.2.1.8', '5.2.1.8', '5.2.1.8', '5.2.1.8', '5.2.1.8', '5.2.1.8', '5.2.1.8', '5.2.1.8', '5.2.1.8', '5.2.1.8', '5.2.1.8', '5.2.1.8', '5.2.1.8', '5.2.1.8', '5.2.1.8', '5.2.1.8', '5.2.1.8', '5.2.1.8', '5.2.1.8', '5.2.1.8', '5.2.1.8', '5.2.1.8', '5.2.1.8', '5.2.1.8', '5.2.1.8', '5.2.1.8', '5.2.1.8', '5.2.1.8', '5.2.1.8', '5.2.1.8', '5.2.1.8', '5.2.1.8', '5.2.1.8', '5.2.1.8', '5.2.1.8', '1.15.1.1', '5.2.1.8', '5.2.1.8', '5.2.1.8', '5.2.1.8', '5.2.1.8', '5.2.1.8']",,0.829327045083046,1602,,1.0,1.0
test-ec-onehot-uniref,ba63000,7.1.1.2,no-tax,train_common,900,1.0,1.0,900,1.0,900,4.0,1.0,900,141.84122562674094,,,,,1.0,,0.8235573188888888,0.006666666666666667,0.008888888888888889,"['7.1.1.2', '7.1.1.2', '7.1.1.2', '7.1.1.2', '7.1.1.2', '7.1.1.2', '7.1.1.2', '7.1.1.2', '7.1.1.2', '7.1.1.2', '7.1.1.2', '7.1.1.2', '7.1.1.2', '7.1.1.2', '7.1.1.2', '7.1.1.2', '7.1.1.2', '7.1.1.2', '7.1.1.2', '7.1.1.2', '7.1.1.2', '7.1.1.2', '7.1.1.2', '7.1.1.2', '7.1.1.2', '7.1.1.2', '7.1.1.2', '7.1.1.2', '7.1.1.2', '7.1.1.2', '7.1.1.2', '7.1.1.2', '7.1.1.2', '7.1.1.2', '7.1.1.2', '7.1.1.2', '7.1.1.2', '7.1.1.2', '7.1.1.2', '7.1.1.2', '7.1.1.2', '7.1.1.2', '7.1.1.2', '7.1.1.2', '7.1.1.2', '7.1.1.2', '7.1.1.2', '7.1.1.2', '7.1.1.2', '7.1.1.2', '7.1.1.2', '7.1.1.2', '7.1.1.2', '7.1.1.2', '7.1.1.2', '7.1.1.2', '7.1.1.2', '7.1.1.2', '7.1.1.2', '7.1.1.2', '7.1.1.2', '7.1.1.2', '7.1.1.2', '7.1.1.2', '7.1.1.2', '7.1.1.2', '7.1.1.2', '7.1.1.2', '7.1.1.2', '7.1.1.2', '7.1.1.2', '7.1.1.2', '7.1.1.2', '7.1.1.2', '7.1.1.2', '7.1.1.2', '7.1.1.2', '7.1.1.2', '7.1.1.2', '7.1.1.2', '7.1.1.2', '7.1.1.2', '7.1.1.2', '7.1.1.2', '7.1.1.2', '7.1.1.2', '7.1.1.2', '7.1.1.2', '7.1.1.2', '7.1.1.2', '7.1.1.2', '7.1.1.2', '7.1.1.2', '7.1.1.2', '7.1.1.2', '7.1.1.2', '7.1.1.2', '7.1.1.2', '7.1.1.2', '7.1.1.2', '7.1.1.2', '7.1.1.2', '7.1.1.2', '7.1.1.2', '7.1.1.2', '7.1.1.2', '7.1.1.2', '7.1.1.2', '7.1.1.2', '7.1.1.2', '7.1.1.2', '7.1.1.2', '7.1.1.2', '7.1.1.2', '7.1.1.2', '7.1.1.2', '7.1.1.2', '7.1.1.2', '7.1.1.2', '7.1.1.2', '7.1.1.2', '7.1.1.2', '7.1.1.2', '7.1.1.2', '7.1.1.2', '7.1.1.2', '7.1.1.2', '7.1.1.2', '7.1.1.2', '7.1.1.2', '7.1.1.2', '7.1.1.2', '7.1.1.2', '7.1.1.2', '7.1.1.2', '7.1.1.2', '7.1.1.2', '7.1.1.2', '7.1.1.2', '7.1.1.2', '7.1.1.2', '7.1.1.2', '7.1.1.2', '7.1.1.2', '7.1.1.2', '7.1.1.2', '7.1.1.2', '7.1.1.2', '7.1.1.2', '7.1.1.2', '7.1.1.2', '7.1.1.2', '7.1.1.2', '7.1.1.2', '7.1.1.2', '7.1.1.2', '7.1.1.2', '7.1.1.2', '7.1.1.2', '7.1.1.2', '7.1.1.2', '7.1.1.2', '7.1.1.2', '7.1.1.2', '7.1.1.2', '7.1.1.2', '7.1.1.2', '7.1.1.2', '7.1.1.2', '7.1.1.2', '7.1.1.2', '7.1.1.2', '7.1.1.2', '7.1.1.2', '7.1.1.2', '7.1.1.2', '7.1.1.2', '7.1.1.2', '7.1.1.2', '7.1.1.2', '7.1.1.2', '7.1.1.2', '7.1.1.2', '7.1.1.2', '7.1.1.2', '7.1.1.2', '7.1.1.2', '7.1.1.2', '7.1.1.2', '7.1.1.2', '7.1.1.2', '7.1.1.2', '7.1.1.2', '7.1.1.2', '7.1.1.2', '7.1.1.2', '7.1.1.2', '7.1.1.2', '7.1.1.2', '7.1.1.2', '7.1.1.2', '7.1.1.2', '7.1.1.2', '7.1.1.2', '7.1.1.2', '7.1.1.2', '7.1.1.2', '7.1.1.2', '7.1.1.2', '7.1.1.2', '7.1.1.2', '7.1.1.2', '7.1.1.2', '7.1.1.2', '7.1.1.2', '7.1.1.2', '7.1.1.2', '7.1.1.2', '7.1.1.2', '7.1.1.2', '7.1.1.2', '7.1.1.2', '7.1.1.2', '7.1.1.2', '7.1.1.2', '7.1.1.2', '7.1.1.2', '7.1.1.2', '7.1.1.2', '7.1.1.2', '7.1.1.2', '7.1.1.2', '7.1.1.2', '7.1.1.2', '7.1.1.2', '7.1.1.2', '7.1.1.2', '7.1.1.2', '7.1.1.2', '7.1.1.2', '7.1.1.2', '7.1.1.2', '7.1.1.2', '7.1.1.2', '7.1.1.2', '7.1.1.2', '7.1.1.2', '7.1.1.2', '7.1.1.2', '7.1.1.2', '7.1.1.2', '7.1.1.2', '7.1.1.2', '7.1.1.2', '7.1.1.2', '7.1.1.2', '7.1.1.2', '7.1.1.2', '7.1.1.2', '7.1.1.2', '7.1.1.2', '7.1.1.2', '7.1.1.2', '7.1.1.2', '7.1.1.2', '7.1.1.2', '7.1.1.2', '7.1.1.2', '7.1.1.2', '7.1.1.2', '7.1.1.2', '7.1.1.2', '7.1.1.2', '7.1.1.2', '7.1.1.2', '7.1.1.2', '7.1.1.2', '7.1.1.2', '7.1.1.2', '7.1.1.2', '7.1.1.2', '7.1.1.2', '7.1.1.2', '7.1.1.2', '7.1.1.2', '7.1.1.2', '7.1.1.2', '7.1.1.2', '7.1.1.2', '7.1.1.2', '7.1.1.2', '7.1.1.2', '7.1.1.2', '7.1.1.2', '7.1.1.2', '7.1.1.2', '7.1.1.2', '7.1.1.2', '7.1.1.2', '7.1.1.2', '7.1.1.2', '7.1.1.2', '7.1.1.2', '7.1.1.2', '7.1.1.2', '7.1.1.2', '7.1.1.2', '7.1.1.2', '7.1.1.2', '7.1.1.2', '7.1.1.2', '7.1.1.2', '7.1.1.2', '7.1.1.2', '7.1.1.2', '7.1.1.2', '7.1.1.2', '7.1.1.2', '7.1.1.2', '7.1.1.2', '7.1.1.2', '7.1.1.2', '7.1.1.2', '7.1.1.2', '7.1.1.2', '7.1.1.2', '7.1.1.2', '7.1.1.2', '7.1.1.2', '7.1.1.2', '7.1.1.2', '7.1.1.2', '7.1.1.2', '7.1.1.2', '7.1.1.2', '7.1.1.2', '7.1.1.2', '7.1.1.2', '7.1.1.2', '7.1.1.2', '7.1.1.2', '7.1.1.2', '7.1.1.2', '7.1.1.2', '7.1.1.2', '7.1.1.2', '7.1.1.2', '7.1.1.2', '7.1.1.2', '7.1.1.2', '7.1.1.2', '7.1.1.2', '7.1.1.2', '7.1.1.2', '7.1.1.2', '7.1.1.2', '7.1.1.2', '7.1.1.2', '7.1.1.2', '7.1.1.2', '7.1.1.2', '7.1.1.2', '7.1.1.2', '7.1.1.2', '7.1.1.2', '7.1.1.2', '7.1.1.2', '7.1.1.2', '7.1.1.2', '7.1.1.2', '7.1.1.2', '7.1.1.2', '7.1.1.2', '7.1.1.2', '7.1.1.2', '7.1.1.2', '7.1.1.2', '7.1.1.2', '7.1.1.2', '7.1.1.2', '7.1.1.2', '7.1.1.2', '7.1.1.2', '7.1.1.2', '7.1.1.2', '7.1.1.2', '7.1.1.2', '7.1.1.2', '7.1.1.2', '7.1.1.2', '7.1.1.2', '7.1.1.2', '7.1.1.2', '7.1.1.2', '7.1.1.2', '7.1.1.2', '7.1.1.2', '7.1.1.2', '7.1.1.2', '7.1.1.2', '7.1.1.2', '7.1.1.2', '7.1.1.2', '7.1.1.2', '7.1.1.2', '7.1.1.2', '7.1.1.2', '7.1.1.2', '7.1.1.2', '7.1.1.2', '7.1.1.2', '7.1.1.2', '7.1.1.2', '7.1.1.2', '7.1.1.2', '7.1.1.2', '7.1.1.2', '7.1.1.2', '7.1.1.2', '7.1.1.2', '7.1.1.2', '7.1.1.2', '7.1.1.2', '7.1.1.2', '7.1.1.2', '7.1.1.2', '7.1.1.2', '7.1.1.2', '7.1.1.2', '7.1.1.2', '7.1.1.2', '7.1.1.2', '7.1.1.2', '7.1.1.2', '7.1.1.2', '7.1.1.2', '7.1.1.2', '7.1.1.2', '7.1.1.2', '7.1.1.2', '7.1.1.2', '7.1.1.2', '7.1.1.2', '7.1.1.2', '7.1.1.2', '7.1.1.2', '7.1.1.2', '7.1.1.2', '7.1.1.2', '7.1.1.2', '7.1.1.2', '7.1.1.2', '7.1.1.2', '7.1.1.2', '7.1.1.2', '7.1.1.2', '7.1.1.2', '7.1.1.2', '7.1.1.2', '7.1.1.2', '7.1.1.2', '7.1.1.2', '7.1.1.2', '7.1.1.2', '7.1.1.2', '7.1.1.2', '7.1.1.2', '7.1.1.2', '7.1.1.2', '7.1.1.2', '7.1.1.2', '7.1.1.2', '7.1.1.2', '7.1.1.2', '7.1.1.2', '7.1.1.2', '7.1.1.2', '7.1.1.2', '7.1.1.2', '7.1.1.2', '7.1.1.2', '7.1.1.2', '7.1.1.2', '7.1.1.2', '7.1.1.2', '7.1.1.2', '7.1.1.2', '7.1.1.2', '7.1.1.2', '7.1.1.2', '7.1.1.2', '7.1.1.2', '7.1.1.2', '7.1.1.2', '7.1.1.2', '7.1.1.2', '7.1.1.2', '7.1.1.2', '7.1.1.2', '7.1.1.2', '7.1.1.2', '7.1.1.2', '7.1.1.2', '7.1.1.2', '7.1.1.2', '7.1.1.2', '7.1.1.2', '7.1.1.2', '7.1.1.2', '7.1.1.2', '7.1.1.2', '7.1.1.2', '7.1.1.2', '7.1.1.2', '7.1.1.2', '7.1.1.2', '7.1.1.2', '7.1.1.2', '7.1.1.2', '7.1.1.2', '7.1.1.2', '7.1.1.2', '7.1.1.2', '7.1.1.2', '7.1.1.2', '7.1.1.2', '7.1.1.2', '7.1.1.2', '7.1.1.2', '7.1.1.2', '7.1.1.2', '7.1.1.2', '7.1.1.2', '7.1.1.2', '7.1.1.2', '7.1.1.2', '7.1.1.2', '7.1.1.2', '7.1.1.2', '7.1.1.2', '7.1.1.2', '7.1.1.2', '7.1.1.2', '7.1.1.2', '7.1.1.2', '7.1.1.2', '7.1.1.2', '7.1.1.2', '7.1.1.2', '7.1.1.2', '7.1.1.2', '7.1.1.2', '7.1.1.2', '7.1.1.2', '7.1.1.2', '7.1.1.2', '7.1.1.2', '7.1.1.2', '7.1.1.2', '7.1.1.2', '7.1.1.2', '7.1.1.2', '7.1.1.2', '7.1.1.2', '7.1.1.2', '7.1.1.2', '7.1.1.2', '7.1.1.2', '7.1.1.2', '7.1.1.2', '7.1.1.2', '7.1.1.2', '7.1.1.2', '7.1.1.2', '7.1.1.2', '7.1.1.2', '7.1.1.2', '7.1.1.2', '7.1.1.2', '7.1.1.2', '7.1.1.2', '7.1.1.2', '7.1.1.2', '7.1.1.2', '7.1.1.2', '7.1.1.2', '7.1.1.2', '7.1.1.2', '7.1.1.2', '7.1.1.2', '7.1.1.2', '7.1.1.2', '7.1.1.2', '7.1.1.2', '7.1.1.2', '7.1.1.2', '7.1.1.2', '7.1.1.2', '7.1.1.2', '7.1.1.2', '7.1.1.2', '7.1.1.2', '7.1.1.2', '7.1.1.2', '7.1.1.2', '7.1.1.2', '7.1.1.2', '7.1.1.2', '7.1.1.2', '7.1.1.2', '7.1.1.2', '7.1.1.2', '7.1.1.2', '7.1.1.2', '7.1.1.2', '7.1.1.2', '7.1.1.2', '7.1.1.2', '7.1.1.2', '7.1.1.2', '7.1.1.2', '7.1.1.2', '7.1.1.2', '7.1.1.2', '7.1.1.2', '7.1.1.2', '7.1.1.2', '7.1.1.2', '7.1.1.2', '7.1.1.2', '7.1.1.2', '7.1.1.2', '7.1.1.2', '7.1.1.2', '7.1.1.2', '7.1.1.2', '7.1.1.2', '7.1.1.2', '7.1.1.2', '7.1.1.2', '7.1.1.2', '7.1.1.2', '7.1.1.2', '7.1.1.2', '7.1.1.2', '7.1.1.2', '7.1.1.2', '7.1.1.2', '7.1.1.2', '7.1.1.2', '7.1.1.2', '7.1.1.2', '7.1.1.2', '7.1.1.2', '7.1.1.2', '7.1.1.2', '7.1.1.2', '7.1.1.2', '7.1.1.2', '7.1.1.2', '7.1.1.2', '7.1.1.2', '7.1.1.2', '7.1.1.2', '7.1.1.2', '7.1.1.2', '7.1.1.2', '7.1.1.2', '7.1.1.2', '7.1.1.2', '7.1.1.2', '7.1.1.2', '7.1.1.2', '7.1.1.2', '7.1.1.2', '7.1.1.2', '7.1.1.2', '7.1.1.2', '7.1.1.2', '7.1.1.2', '7.1.1.2', '7.1.1.2', '7.1.1.2', '7.1.1.2', '7.1.1.2', '7.1.1.2', '7.1.1.2', '7.1.1.2', '7.1.1.2', '7.1.1.2', '7.1.1.2', '7.1.1.2', '7.1.1.2', '7.1.1.2', '7.1.1.2', '7.1.1.2', '7.1.1.2', '7.1.1.2', '7.1.1.2', '7.1.1.2', '7.1.1.2', '7.1.1.2', '7.1.1.2', '7.1.1.2', '7.1.1.2', '7.1.1.2', '7.1.1.2', '7.1.1.2', '7.1.1.2', '7.1.1.2', '7.1.1.2', '7.1.1.2', '7.1.1.2', '7.1.1.2', '7.1.1.2', '7.1.1.2', '7.1.1.2', '7.1.1.2', '7.1.1.2', '7.1.1.2', '7.1.1.2', '7.1.1.2', '7.1.1.2', '7.1.1.2', '7.1.1.2', '7.1.1.2', '7.1.1.2', '7.1.1.2', '7.1.1.2', '7.1.1.2', '7.1.1.2', '7.1.1.2', '7.1.1.2', '7.1.1.2', '7.1.1.2', '7.1.1.2', '7.1.1.2', '7.1.1.2', '7.1.1.2', '7.1.1.2', '7.1.1.2', '7.1.1.2', '7.1.1.2', '7.1.1.2', '7.1.1.2', '7.1.1.2', '7.1.1.2', '7.1.1.2', '7.1.1.2', '7.1.1.2', '7.1.1.2', '7.1.1.2', '7.1.1.2', '7.1.1.2', '7.1.1.2', '7.1.1.2', '7.1.1.2', '7.1.1.2', '7.1.1.2', '7.1.1.2', '7.1.1.2', '7.1.1.2', '7.1.1.2', '7.1.1.2', '7.1.1.2', '7.1.1.2', '7.1.1.2', '7.1.1.2', '7.1.1.2', '7.1.1.2', '7.1.1.2', '7.1.1.2', '7.1.1.2', '7.1.1.2', '7.1.1.2', '7.1.1.2', '7.1.1.2', '7.1.1.2', '7.1.1.2', '7.1.1.2', '7.1.1.2', '7.1.1.2', '7.1.1.2', '7.1.1.2', '7.1.1.2', '7.1.1.2', '7.1.1.2', '7.1.1.2', '7.1.1.2', '7.1.1.2', '7.1.1.2', '7.1.1.2', '7.1.1.2', '7.1.1.2', '7.1.1.2', '7.1.1.2', '7.1.1.2', '7.1.1.2', '7.1.1.2', '7.1.1.2', '7.1.1.2', '7.1.1.2', '7.1.1.2', '7.1.1.2', '7.1.1.2', '7.1.1.2', '7.1.1.2', '7.1.1.2', '7.1.1.2', '7.1.1.2', '7.1.1.2', '7.1.1.2', '7.1.1.2', '7.1.1.2', '7.1.1.2', '7.1.1.2', '7.1.1.2', '7.1.1.2', '7.1.1.2', '7.1.1.2', '7.1.1.2', '7.1.1.2', '7.1.1.2', '7.1.1.2', '7.1.1.2', '7.1.1.2', '7.1.1.2', '7.1.1.2', '7.1.1.2', '7.1.1.2', '7.1.1.2', '7.1.1.2', '7.1.1.2', '7.1.1.2', '7.1.1.2', '7.1.1.2', '7.1.1.2', '7.1.1.2', '7.1.1.2', '7.1.1.2', '7.1.1.2', '7.1.1.2', '7.1.1.2', '7.1.1.2', '7.1.1.2', '7.1.1.2', '7.1.1.2', '7.1.1.2', '7.1.1.2', '7.1.1.2', '7.1.1.2', '7.1.1.2', '7.1.1.2', '7.1.1.2', '7.1.1.2', '7.1.1.2', '7.1.1.2', '7.1.1.2', '7.1.1.2', '7.1.1.2', '7.1.1.2', '7.1.1.2', '7.1.1.2', '7.1.1.2', '7.1.1.2', '7.1.1.2', '7.1.1.2', '7.1.1.2', '7.1.1.2', '7.1.1.2', '7.1.1.2', '7.1.1.2', '7.1.1.2', '7.1.1.2', '7.1.1.2', '7.1.1.2', '7.1.1.2', '7.1.1.2', '7.1.1.2', '7.1.1.2', '7.1.1.2', '7.1.1.2', '7.1.1.2', '7.1.1.2', '7.1.1.2', '7.1.1.2', '7.1.1.2', '7.1.1.2', '7.1.1.2', '7.1.1.2', '7.1.1.2', '7.1.1.2', '7.1.1.2', '7.1.1.2', '7.1.1.2', '7.1.1.2', '7.1.1.2', '7.1.1.2', '7.1.1.2', '7.1.1.2']",,0.809436485171318,1077,,1.0000001192092896,1.0000001192092896
test-ec-onehot-uniref,ba63000,6.1.1.20,no-tax,train_common,900,0.9944444444444445,0.9944444444444445,895,1.0,895,4.0,1.0,895,295.47969052224374,,,,,1.0,,0.7196035754189944,0.017877094972067038,0.5173184357541899,"['6.1.1.20', '6.1.1.20', '6.1.1.20', '6.1.1.20', '6.1.1.20', '6.1.1.20', '6.1.1.20', '6.1.1.20', '6.1.1.20', '6.1.1.20', '6.1.1.20', '6.1.1.20', '6.1.1.20', '6.1.1.20', '6.1.1.20', '6.1.1.20', '6.1.1.20', '6.1.1.20', '6.1.1.20', '6.1.1.20', '6.1.1.20', '6.1.1.20', '6.1.1.20', '6.1.1.20', '6.1.1.20', '6.1.1.20', '6.1.1.20', '6.1.1.20', '6.1.1.20', '6.1.1.20', '6.1.1.20', '6.1.1.20', '6.1.1.20', '6.1.1.20', '6.1.1.20', '6.1.1.20', '6.1.1.20', '6.1.1.20', '6.1.1.20', '6.1.1.20', '6.1.1.20', '6.1.1.20', '6.1.1.20', '6.1.1.20', '6.1.1.20', '6.1.1.20', '6.1.1.20', '6.1.1.20', '6.1.1.20', '6.1.1.20', '6.1.1.20', '6.1.1.20', '6.1.1.20', '6.1.1.20', '6.1.1.20', '6.1.1.20', '6.1.1.20', '6.1.1.20', '6.1.1.20', '6.1.1.20', '6.1.1.20', '6.1.1.20', '6.1.1.20', '6.1.1.20', '6.1.1.20', '6.1.1.20', '6.1.1.20', '6.1.1.20', '6.1.1.20', '6.1.1.20', '6.1.1.20', '6.1.1.20', '6.1.1.20', '6.1.1.20', '6.1.1.20', '6.1.1.20', '6.1.1.20', '6.1.1.20', '6.1.1.20', '6.1.1.20', '6.1.1.20', '6.1.1.20', '6.1.1.20', '6.1.1.20', '6.1.1.20', '6.1.1.20', '6.1.1.20', '6.1.1.20', '6.1.1.20', '6.1.1.20', '6.1.1.20', '6.1.1.20', '6.1.1.20', '6.1.1.20', '6.1.1.20', '6.1.1.20', '6.1.1.20', '6.1.1.20', '6.1.1.20', '6.1.1.20', '6.1.1.20', '6.1.1.20', '6.1.1.20', '6.1.1.20', '6.1.1.20', '6.1.1.20', '6.1.1.20', '6.1.1.20', '6.1.1.20', '6.1.1.20', '6.1.1.20', '6.1.1.20', '6.1.1.20', '6.1.1.20', '6.1.1.20', '6.1.1.20', '6.1.1.20', '6.1.1.20', '6.1.1.20', '6.1.1.20', '6.1.1.20', '6.1.1.20', '6.1.1.20', '6.1.1.20', '6.1.1.20', '6.1.1.20', '6.1.1.20', '6.1.1.20', '6.1.1.20', '6.1.1.20', '6.1.1.20', '6.1.1.20', '6.1.1.20', '6.1.1.20', '6.1.1.20', '6.1.1.20', '6.1.1.20', '6.1.1.20', '6.1.1.20', '6.1.1.20', '6.1.1.20', '6.1.1.20', '6.1.1.20', '6.1.1.20', '6.1.1.20', '6.1.1.20', '6.1.1.20', '6.1.1.20', '6.1.1.20', '6.1.1.20', '6.1.1.20', '6.1.1.20', '6.1.1.20', '6.1.1.20', '6.1.1.20', '6.1.1.20', '6.1.1.20', '6.1.1.20', '6.1.1.20', '6.1.1.20', '6.1.1.20', '6.1.1.20', '6.1.1.20', '6.1.1.20', '6.1.1.20', '6.1.1.20', '6.1.1.20', '6.1.1.20', '6.1.1.20', '6.1.1.20', '6.1.1.20', '6.1.1.20', '6.1.1.20', '6.1.1.20', '6.1.1.20', '6.1.1.20', '6.1.1.20', '6.1.1.20', '6.1.1.20', '6.1.1.20', '6.1.1.20', '6.1.1.20', '6.1.1.20', '6.1.1.20', '6.1.1.20', '6.1.1.20', '6.1.1.20', '6.1.1.20', '6.1.1.20', '6.1.1.20', '6.1.1.20', '6.1.1.20', '6.1.1.20', '6.1.1.20', '6.1.1.20', '6.1.1.20', '6.1.1.20', '6.1.1.20', '6.1.1.20', '6.1.1.20', '6.1.1.20', '6.1.1.20', '6.1.1.20', '6.1.1.20', '6.1.1.20', '6.1.1.20', '6.1.1.20', '6.1.1.20', '6.1.1.20', '6.1.1.20', '6.1.1.20', '6.1.1.20', '6.1.1.20', '6.1.1.20', '6.1.1.20', '6.1.1.20', '6.1.1.20', '6.1.1.20', '6.1.1.20', '6.1.1.20', '6.1.1.20', '6.1.1.20', '6.1.1.20', '6.1.1.20', '6.1.1.20', '6.1.1.20', '6.1.1.20', '6.1.1.20', '6.1.1.20', '6.1.1.20', '6.1.1.20', '6.1.1.20', '6.1.1.20', '6.1.1.20', '6.1.1.20', '6.1.1.20', '6.1.1.20', '6.1.1.20', '6.1.1.20', '6.1.1.20', '6.1.1.20', '6.1.1.20', '6.1.1.20', '6.1.1.20', '6.1.1.20', '6.1.1.20', '6.1.1.20', '6.1.1.20', '6.1.1.20', '6.1.1.20', '6.1.1.20', '6.1.1.20', '6.1.1.20', '6.1.1.20', '6.1.1.20', '6.1.1.20', '6.1.1.20', '6.1.1.20', '6.1.1.20', '6.1.1.20', '6.1.1.20', '6.1.1.20', '6.1.1.20', '6.1.1.20', '6.1.1.20', '6.1.1.20', '6.1.1.20', '6.1.1.20', '6.1.1.20', '6.1.1.20', '6.1.1.20', '6.1.1.20', '6.1.1.20', '6.1.1.20', '6.1.1.20', '6.1.1.20', '6.1.1.20', '6.1.1.20', '6.1.1.20', '6.1.1.20', '6.1.1.20', '6.1.1.20', '6.1.1.20', '6.1.1.20', '6.1.1.20', '6.1.1.20', '6.1.1.20', '6.1.1.20', '6.1.1.20', '6.1.1.20', '6.1.1.20', '6.1.1.20', '6.1.1.20', '6.1.1.20', '6.1.1.20', '6.1.1.20', '6.1.1.20', '6.1.1.20', '6.1.1.20', '6.1.1.20', '6.1.1.20', '6.1.1.20', '6.1.1.20', '6.1.1.20', '6.1.1.20', '6.1.1.20', '6.1.1.20', '6.1.1.20', '6.1.1.20', '6.1.1.20', '6.1.1.20', '6.1.1.20', '6.1.1.20', '6.1.1.20', '6.1.1.20', '6.1.1.20', '6.1.1.20', '6.1.1.20', '6.1.1.20', '6.1.1.20', '6.1.1.20', '6.1.1.20', '6.1.1.20', '6.1.1.20', '6.1.1.20', '6.1.1.20', '6.1.1.20', '6.1.1.20', '6.1.1.20', '6.1.1.20', '6.1.1.20', '6.1.1.20', '6.1.1.20', '6.1.1.20', '6.1.1.20', '6.1.1.20', '6.1.1.20', '6.1.1.20', '6.1.1.20', '6.1.1.20', '6.1.1.20', '6.1.1.20', '6.1.1.20', '6.1.1.20', '6.1.1.20', '6.1.1.20', '6.1.1.20', '6.1.1.20', '6.1.1.20', '6.1.1.20', '6.1.1.20', '6.1.1.20', '6.1.1.20', '6.1.1.20', '6.1.1.20', '6.1.1.20', '6.1.1.20', '6.1.1.20', '6.1.1.20', '6.1.1.20', '6.1.1.20', '6.1.1.20', '6.1.1.20', '6.1.1.20', '6.1.1.20', '6.1.1.20', '6.1.1.20', '6.1.1.20', '6.1.1.20', '6.1.1.20', '6.1.1.20', '6.1.1.20', '6.1.1.20', '6.1.1.20', '6.1.1.20', '6.1.1.20', '6.1.1.20', '6.1.1.20', '6.1.1.20', '6.1.1.20', '6.1.1.20', '6.1.1.20', '6.1.1.20', '6.1.1.20', '6.1.1.20', '6.1.1.20', '6.1.1.20', '6.1.1.20', '6.1.1.20', '6.1.1.20', '6.1.1.20', '6.1.1.20', '6.1.1.20', '6.1.1.20', '6.1.1.20', '6.1.1.20', '6.1.1.20', '6.1.1.20', '6.1.1.20', '6.1.1.20', '6.1.1.20', '6.1.1.20', '6.1.1.20', '6.1.1.20', '6.1.1.20', '6.1.1.20', '6.1.1.20', '6.1.1.20', '6.1.1.20', '6.1.1.20', '6.1.1.20', '6.1.1.20', '6.1.1.20', '6.1.1.20', '6.1.1.20', '6.1.1.20', '6.1.1.20', '6.1.1.20', '6.1.1.20', '6.1.1.20', '6.1.1.20', '6.1.1.20', '6.1.1.20', '6.1.1.20', '6.1.1.20', '6.1.1.20', '6.1.1.20', '6.1.1.20', '6.1.1.20', '6.1.1.20', '6.1.1.20', '6.1.1.20', '6.1.1.20', '6.1.1.20', '6.1.1.20', '6.1.1.20', '6.1.1.20', '6.1.1.20', '6.1.1.20', '6.1.1.20', '6.1.1.20', '6.1.1.20', '6.1.1.20', '6.1.1.20', '6.1.1.20', '6.1.1.20', '6.1.1.20', '6.1.1.20', '6.1.1.20', '6.1.1.20', '6.1.1.20', '6.1.1.20', '6.1.1.20', '6.1.1.20', '6.1.1.20', '6.1.1.20', '6.1.1.20', '6.1.1.20', '6.1.1.20', '6.1.1.20', '6.1.1.20', '6.1.1.20', '6.1.1.20', '6.1.1.20', '6.1.1.20', '6.1.1.20', '6.1.1.20', '6.1.1.20', '6.1.1.20', '6.1.1.20', '6.1.1.20', '6.1.1.20', '6.1.1.20', '6.1.1.20', '6.1.1.20', '6.1.1.20', '6.1.1.20', '6.1.1.20', '6.1.1.20', '6.1.1.20', '6.1.1.20', '6.1.1.20', '6.1.1.20', '6.1.1.20', '6.1.1.20', '6.1.1.20', '6.1.1.20', '6.1.1.20', '6.1.1.20', '6.1.1.20', '6.1.1.20', '6.1.1.20', '6.1.1.20', '6.1.1.20', '6.1.1.20', '6.1.1.20', '6.1.1.20', '6.1.1.20', '6.1.1.20', '6.1.1.20', '6.1.1.20', '6.1.1.20', '6.1.1.20', '6.1.1.20', '6.1.1.20', '6.1.1.20', '6.1.1.20', '6.1.1.20', '6.1.1.20', '6.1.1.20', '6.1.1.20', '6.1.1.20', '6.1.1.20', '6.1.1.20', '6.1.1.20', '6.1.1.20', '6.1.1.20', '6.1.1.20', '6.1.1.20', '6.1.1.20', '6.1.1.20', '6.1.1.20', '6.1.1.20', '6.1.1.20', '6.1.1.20', '6.1.1.20', '6.1.1.20', '6.1.1.20', '6.1.1.20', '6.1.1.20', '6.1.1.20', '6.1.1.20', '6.1.1.20', '6.1.1.20', '6.1.1.20', '6.1.1.20', '6.1.1.20', '6.1.1.20', '6.1.1.20', '6.1.1.20', '6.1.1.20', '6.1.1.20', '6.1.1.20', '6.1.1.20', '6.1.1.20', '6.1.1.20', '6.1.1.20', '6.1.1.20', '6.1.1.20', '6.1.1.20', '6.1.1.20', '6.1.1.20', '6.1.1.20', '6.1.1.20', '6.1.1.20', '6.1.1.20', '6.1.1.20', '6.1.1.20', '6.1.1.20', '6.1.1.20', '6.1.1.20', '6.1.1.20', '6.1.1.20', '6.1.1.20', '6.1.1.20', '6.1.1.20', '6.1.1.20', '6.1.1.20', '6.1.1.20', '6.1.1.20', '6.1.1.20', '6.1.1.20', '6.1.1.20', '6.1.1.20', '6.1.1.20', '6.1.1.20', '6.1.1.20', '6.1.1.20', '6.1.1.20', '6.1.1.20', '6.1.1.20', '6.1.1.20', '6.1.1.20', '6.1.1.20', '6.1.1.20', '6.1.1.20', '6.1.1.20', '6.1.1.20', '6.1.1.20', '6.1.1.20', '6.1.1.20', '6.1.1.20', '6.1.1.20', '6.1.1.20', '6.1.1.20', '6.1.1.20', '6.1.1.20', '6.1.1.20', '6.1.1.20', '6.1.1.20', '6.1.1.20', '6.1.1.20', '6.1.1.20', '6.1.1.20', '6.1.1.20', '6.1.1.20', '6.1.1.20', '6.1.1.20', '6.1.1.20', '6.1.1.20', '6.1.1.20', '6.1.1.20', '6.1.1.20', '6.1.1.20', '6.1.1.20', '6.1.1.20', '6.1.1.20', '6.1.1.20', '6.1.1.20', '6.1.1.20', '6.1.1.20', '6.1.1.20', '6.1.1.20', '6.1.1.20', '6.1.1.20', '6.1.1.20', '6.1.1.20', '6.1.1.20', '6.1.1.20', '6.1.1.20', '6.1.1.20', '6.1.1.20', '6.1.1.20', '6.1.1.20', '6.1.1.20', '6.1.1.20', '6.1.1.20', '6.1.1.20', '6.1.1.20', '6.1.1.20', '6.1.1.20', '6.1.1.20', '6.1.1.20', '6.1.1.20', '6.1.1.20', '6.1.1.20', '6.1.1.20', '6.1.1.20', '6.1.1.20', '6.1.1.20', '6.1.1.20', '6.1.1.20', '6.1.1.20', '6.1.1.20', '6.1.1.20', '6.1.1.20', '6.1.1.20', '6.1.1.20', '6.1.1.20', '6.1.1.20', '6.1.1.20', '6.1.1.20', '6.1.1.20', '6.1.1.20', '6.1.1.20', '6.1.1.20', '6.1.1.20', '6.1.1.20', '6.1.1.20', '6.1.1.20', '6.1.1.20', '6.1.1.20', '6.1.1.20', '6.1.1.20', '6.1.1.20', '6.1.1.20', '6.1.1.20', '6.1.1.20', '6.1.1.20', '6.1.1.20', '6.1.1.20', '6.1.1.20', '6.1.1.20', '6.1.1.20', '6.1.1.20', '6.1.1.20', '6.1.1.20', '6.1.1.20', '6.1.1.20', '6.1.1.20', '6.1.1.20', '6.1.1.20', '6.1.1.20', '6.1.1.20', '6.1.1.20', '6.1.1.20', '6.1.1.20', '6.1.1.20', '6.1.1.20', '6.1.1.20', '6.1.1.20', '6.1.1.20', '6.1.1.20', '6.1.1.20', '6.1.1.20', '6.1.1.20', '6.1.1.20', '6.1.1.20', '6.1.1.20', '6.1.1.20', '6.1.1.20', '6.1.1.20', '6.1.1.20', '6.1.1.20', '6.1.1.20', '6.1.1.20', '6.1.1.20', '6.1.1.20', '6.1.1.20', '6.1.1.20', '6.1.1.20', '6.1.1.20', '6.1.1.20', '6.1.1.20', '6.1.1.20', '6.1.1.20', '6.1.1.20', '6.1.1.20', '6.1.1.20', '6.1.1.20', '6.1.1.20', '6.1.1.20', '6.1.1.20', '6.1.1.20', '6.1.1.20', '6.1.1.20', '6.1.1.20', '6.1.1.20', '6.1.1.20', '6.1.1.20', '6.1.1.20', '6.1.1.20', '6.1.1.20', '6.1.1.20', '6.1.1.20', '6.1.1.20', '6.1.1.20', '6.1.1.20', '6.1.1.20', '6.1.1.20', '6.1.1.20', '6.1.1.20', '6.1.1.20', '6.1.1.20', '6.1.1.20', '6.1.1.20', '6.1.1.20', '6.1.1.20', '6.1.1.20', '6.1.1.20', '6.1.1.20', '6.1.1.20', '6.1.1.20', '6.1.1.20', '6.1.1.20', '6.1.1.20', '6.1.1.20', '6.1.1.20', '6.1.1.20', '6.1.1.20', '6.1.1.20', '6.1.1.20', '6.1.1.20', '6.1.1.20', '6.1.1.20', '6.1.1.20', '6.1.1.20', '6.1.1.20', '6.1.1.20', '6.1.1.20', '6.1.1.20', '6.1.1.20', '6.1.1.20', '6.1.1.20', '6.1.1.20', '6.1.1.20', '6.1.1.20', '6.1.1.20', '6.1.1.20', '6.1.1.20', '6.1.1.20', '6.1.1.20', '6.1.1.20', '6.1.1.20', '6.1.1.20', '6.1.1.20', '6.1.1.20', '6.1.1.20', '6.1.1.20', '6.1.1.20', '6.1.1.20', '6.1.1.20', '6.1.1.20', '6.1.1.20', '6.1.1.20', '6.1.1.20', '6.1.1.20', '6.1.1.20', '6.1.1.20', '6.1.1.20', '6.1.1.20', '6.1.1.20', '6.1.1.20', '6.1.1.20', '6.1.1.20', '6.1.1.20', '6.1.1.20', '6.1.1.20', '6.1.1.20', '6.1.1.20', '6.1.1.20', '6.1.1.20', '6.1.1.20', '6.1.1.20', '6.1.1.20', '6.1.1.20', '6.1.1.20', '6.1.1.20', '6.1.1.20', '6.1.1.20', '6.1.1.20', '6.1.1.20', '6.1.1.20', '6.1.1.20', '6.1.1.20', '6.1.1.20', '6.1.1.20', '6.1.1.20', '6.1.1.20', '6.1.1.20', '6.1.1.20', '6.1.1.20', '6.1.1.20', '6.1.1.20', '6.1.1.20', '6.1.1.20', '6.1.1.20', '6.1.1.20', '6.1.1.20', '6.1.1.20', '6.1.1.20', '6.1.1.20', '6.1.1.20', '6.1.1.20', '6.1.1.20', '6.1.1.20', '6.1.1.20', '6.1.1.20', '6.1.1.20', '6.1.1.20', '6.1.1.20', '6.1.1.20', '6.1.1.20', '6.1.1.20', '6.1.1.20', '6.1.1.20', '6.1.1.20', '6.1.1.20', '6.1.1.20', '6.1.1.20', '6.1.1.20', '6.1.1.20', '6.1.1.20', '6.1.1.20', '6.1.1.20', '6.1.1.20', '6.1.1.20', '6.1.1.20', '6.1.1.20', '6.1.1.20', '6.1.1.20', '6.1.1.20', '6.1.1.20', '6.1.1.20', '6.1.1.20', '6.1.1.20', '6.1.1.20', '6.1.1.20', '6.1.1.20', '6.1.1.20', '6.1.1.20', '6.1.1.20', '6.1.1.20', '6.1.1.20', '6.1.1.20']",,0.7553232008218765,517,,1.0,1.0
test-ec-onehot-uniref,ba63000,2.7.7.6,no-tax,train_common,900,0.29888888888888887,0.2677777777777778,241,1.0,241,3.970954356846473,0.991701244813278,239,169.45778217160046,,,,,0.991701244813278,,0.875416294605809,0.07883817427385892,0.2157676348547718,"['2.7.7.6', '2.7.7.6', '2.7.7.6', '2.7.7.6', '2.7.7.6', '2.7.7.6', '2.7.7.6', '2.7.7.6', '2.7.7.6', '2.7.7.6', '2.7.7.6', '2.7.7.6', '2.7.7.6', '2.7.7.6', '2.7.7.6', '2.7.7.6', '2.7.7.6', '2.7.7.6', '2.7.7.6', '2.7.7.6', '2.7.7.6', '2.7.7.6', '2.7.7.6', '2.7.7.6', '2.7.7.6', '2.7.7.6', '2.7.7.6', '2.7.7.6', '2.7.7.6', '6.2.1.13', '2.7.7.6', '2.7.7.6', '2.7.7.6', '2.7.7.6', '2.7.7.6', '2.7.7.6', '2.7.7.6', '2.7.7.6', '2.7.7.6', '2.7.7.6', '2.7.7.6', '2.7.7.6', '2.7.7.6', '2.7.7.6', '2.7.7.6', '2.7.7.6', '2.7.7.6', '2.7.7.6', '2.7.7.6', '2.7.7.6', '2.7.7.6', '2.7.7.6', '2.7.7.6', '2.7.7.6', '2.7.7.6', '2.7.7.6', '2.7.7.6', '2.7.7.6', '2.7.7.6', '2.7.7.6', '2.7.7.6', '2.7.7.6', '2.7.7.6', '2.7.7.6', '2.7.7.6', '2.7.7.6', '2.7.7.6', '2.7.7.6', '2.7.7.6', '2.7.7.6', '2.7.7.6', '2.7.7.6', '2.7.7.6', '2.7.7.6', '2.7.7.6', '2.7.7.6', '2.7.7.6', '2.7.7.6', '2.7.7.6', '2.7.7.6', '2.7.7.6', '2.7.7.6', '2.7.7.6', '2.7.7.6', '2.7.7.6', '2.7.7.6', '2.7.7.6', '2.7.7.6', '2.7.7.6', '2.7.7.6', '2.7.7.6', '2.7.7.6', '2.7.7.6', '2.7.7.6', '2.7.7.6', '2.7.7.6', '2.7.7.6', '2.7.7.6', '2.7.7.6', '2.3.1.-', '2.7.7.6', '2.7.7.6', '2.7.7.6', '2.7.7.6', '2.7.7.6', '2.7.7.6', '2.7.7.6', '2.7.7.6', '2.7.7.6', '2.7.7.6', '2.7.7.6', '2.7.7.6', '2.7.7.6', '2.7.7.6', '2.7.7.6', '2.7.7.6', '2.7.7.6', '2.7.7.6', '2.7.7.6', '2.7.7.6', '2.7.7.6', '2.7.7.6', '2.7.7.6', '2.7.7.6', '2.7.7.6', '2.7.7.6', '2.7.7.6', '2.7.7.6', '2.7.7.6', '2.7.7.6', '2.7.7.6', '2.7.7.6', '2.7.7.6', '2.7.7.6', '2.7.7.6', '2.7.7.6', '2.7.7.6', '2.7.7.6', '2.7.7.6', '2.7.7.6', '2.7.7.6', '2.7.7.6', '2.7.7.6', '2.7.7.6', '2.7.7.6', '2.7.7.6', '2.7.7.6', '2.7.7.6', '2.7.7.6', '2.7.7.6', '2.7.7.6', '2.7.7.6', '2.7.7.6', '2.7.7.6', '2.7.7.6', '2.7.7.6', '2.7.7.6', '2.7.7.6', '2.7.7.6', '2.7.7.6', '2.7.7.6', '2.7.7.6', '2.7.7.6', '2.7.7.6', '2.7.7.6', '2.7.7.6', '2.7.7.6', '2.7.7.6', '2.7.7.6', '2.7.7.6', '2.7.7.6', '2.7.7.6', '2.7.7.6', '2.7.7.6', '2.7.7.6', '2.7.7.6', '2.7.7.6', '2.7.7.6', '2.7.7.6', '2.7.7.6', '2.7.7.6', '2.7.7.6', '2.7.7.6', '2.7.7.6', '2.7.7.6', '2.7.7.6', '2.7.7.6', '2.7.7.6', '2.7.7.6', '2.7.7.6', '2.7.7.6', '2.7.7.6', '2.7.7.6', '2.7.7.6', '2.7.7.6', '2.7.7.6', '2.7.7.6', '2.7.7.6', '2.7.7.6', '2.7.7.6', '2.7.7.6', '2.7.7.6', '2.7.7.6', '2.7.7.6', '2.7.7.6', '2.7.7.6', '2.7.7.6', '2.7.7.6', '2.7.7.6', '2.7.7.6', '2.7.7.6', '2.7.7.6', '2.7.7.6', '2.7.7.6', '2.7.7.6', '2.7.7.6', '2.7.7.6', '2.7.7.6', '2.7.7.6', '2.7.7.6', '2.7.7.6', '2.7.7.6', '2.7.7.6', '2.7.7.6', '2.7.7.6', '2.7.7.6', '2.7.7.6', '2.7.7.6', '2.7.7.6', '2.7.7.6', '2.7.7.6', '2.7.7.6', '2.7.7.6', '2.7.7.6', '2.7.7.6', '2.7.7.6', '2.7.7.6', '2.7.7.6', '2.7.7.6', '2.7.7.6', '2.7.7.6']",,0.6216469252109528,894,,1.0000001192092896,1.0000001192092896
test-ec-onehot-uniref,ba63000,3.1.1.29,no-tax,train_common,900,0.8566666666666667,0.8522222222222222,767,1.0,767,4.0,1.0,767,276.24412296564196,,,,,1.0,,0.7244916988265971,0.011734028683181226,0.5775749674054759,"['3.1.1.29', '3.1.1.29', '3.1.1.29', '3.1.1.29', '3.1.1.29', '3.1.1.29', '3.1.1.29', '3.1.1.29', '3.1.1.29', '3.1.1.29', '3.1.1.29', '3.1.1.29', '3.1.1.29', '3.1.1.29', '3.1.1.29', '3.1.1.29', '3.1.1.29', '3.1.1.29', '3.1.1.29', '3.1.1.29', '3.1.1.29', '3.1.1.29', '3.1.1.29', '3.1.1.29', '3.1.1.29', '3.1.1.29', '3.1.1.29', '3.1.1.29', '3.1.1.29', '3.1.1.29', '3.1.1.29', '3.1.1.29', '3.1.1.29', '3.1.1.29', '3.1.1.29', '3.1.1.29', '3.1.1.29', '3.1.1.29', '3.1.1.29', '3.1.1.29', '3.1.1.29', '3.1.1.29', '3.1.1.29', '3.1.1.29', '3.1.1.29', '3.1.1.29', '3.1.1.29', '3.1.1.29', '3.1.1.29', '3.1.1.29', '3.1.1.29', '3.1.1.29', '3.1.1.29', '3.1.1.29', '3.1.1.29', '3.1.1.29', '3.1.1.29', '3.1.1.29', '3.1.1.29', '3.1.1.29', '3.1.1.29', '3.1.1.29', '3.1.1.29', '3.1.1.29', '3.1.1.29', '3.1.1.29', '3.1.1.29', '3.1.1.29', '3.1.1.29', '3.1.1.29', '3.1.1.29', '3.1.1.29', '3.1.1.29', '3.1.1.29', '3.1.1.29', '3.1.1.29', '3.1.1.29', '3.1.1.29', '3.1.1.29', '3.1.1.29', '3.1.1.29', '3.1.1.29', '3.1.1.29', '3.1.1.29', '3.1.1.29', '3.1.1.29', '3.1.1.29', '3.1.1.29', '3.1.1.29', '3.1.1.29', '3.1.1.29', '3.1.1.29', '3.1.1.29', '3.1.1.29', '3.1.1.29', '3.1.1.29', '3.1.1.29', '3.1.1.29', '3.1.1.29', '3.1.1.29', '3.1.1.29', '3.1.1.29', '3.1.1.29', '3.1.1.29', '3.1.1.29', '3.1.1.29', '3.1.1.29', '3.1.1.29', '3.1.1.29', '3.1.1.29', '3.1.1.29', '3.1.1.29', '3.1.1.29', '3.1.1.29', '3.1.1.29', '3.1.1.29', '3.1.1.29', '3.1.1.29', '3.1.1.29', '3.1.1.29', '3.1.1.29', '3.1.1.29', '3.1.1.29', '3.1.1.29', '3.1.1.29', '3.1.1.29', '3.1.1.29', '3.1.1.29', '3.1.1.29', '3.1.1.29', '3.1.1.29', '3.1.1.29', '3.1.1.29', '3.1.1.29', '3.1.1.29', '3.1.1.29', '3.1.1.29', '3.1.1.29', '3.1.1.29', '3.1.1.29', '3.1.1.29', '3.1.1.29', '3.1.1.29', '3.1.1.29', '3.1.1.29', '3.1.1.29', '3.1.1.29', '3.1.1.29', '3.1.1.29', '3.1.1.29', '3.1.1.29', '3.1.1.29', '3.1.1.29', '3.1.1.29', '3.1.1.29', '3.1.1.29', '3.1.1.29', '3.1.1.29', '3.1.1.29', '3.1.1.29', '3.1.1.29', '3.1.1.29', '3.1.1.29', '3.1.1.29', '3.1.1.29', '3.1.1.29', '3.1.1.29', '3.1.1.29', '3.1.1.29', '3.1.1.29', '3.1.1.29', '3.1.1.29', '3.1.1.29', '3.1.1.29', '3.1.1.29', '3.1.1.29', '3.1.1.29', '3.1.1.29', '3.1.1.29', '3.1.1.29', '3.1.1.29', '3.1.1.29', '3.1.1.29', '3.1.1.29', '3.1.1.29', '3.1.1.29', '3.1.1.29', '3.1.1.29', '3.1.1.29', '3.1.1.29', '3.1.1.29', '3.1.1.29', '3.1.1.29', '3.1.1.29', '3.1.1.29', '3.1.1.29', '3.1.1.29', '3.1.1.29', '3.1.1.29', '3.1.1.29', '3.1.1.29', '3.1.1.29', '3.1.1.29', '3.1.1.29', '3.1.1.29', '3.1.1.29', '3.1.1.29', '3.1.1.29', '3.1.1.29', '3.1.1.29', '3.1.1.29', '3.1.1.29', '3.1.1.29', '3.1.1.29', '3.1.1.29', '3.1.1.29', '3.1.1.29', '3.1.1.29', '3.1.1.29', '3.1.1.29', '3.1.1.29', '3.1.1.29', '3.1.1.29', '3.1.1.29', '3.1.1.29', '3.1.1.29', '3.1.1.29', '3.1.1.29', '3.1.1.29', '3.1.1.29', '3.1.1.29', '3.1.1.29', '3.1.1.29', '3.1.1.29', '3.1.1.29', '3.1.1.29', '3.1.1.29', '3.1.1.29', '3.1.1.29', '3.1.1.29', '3.1.1.29', '3.1.1.29', '3.1.1.29', '3.1.1.29', '3.1.1.29', '3.1.1.29', '3.1.1.29', '3.1.1.29', '3.1.1.29', '3.1.1.29', '3.1.1.29', '3.1.1.29', '3.1.1.29', '3.1.1.29', '3.1.1.29', '3.1.1.29', '3.1.1.29', '3.1.1.29', '3.1.1.29', '3.1.1.29', '3.1.1.29', '3.1.1.29', '3.1.1.29', '3.1.1.29', '3.1.1.29', '3.1.1.29', '3.1.1.29', '3.1.1.29', '3.1.1.29', '3.1.1.29', '3.1.1.29', '3.1.1.29', '3.1.1.29', '3.1.1.29', '3.1.1.29', '3.1.1.29', '3.1.1.29', '3.1.1.29', '3.1.1.29', '3.1.1.29', '3.1.1.29', '3.1.1.29', '3.1.1.29', '3.1.1.29', '3.1.1.29', '3.1.1.29', '3.1.1.29', '3.1.1.29', '3.1.1.29', '3.1.1.29', '3.1.1.29', '3.1.1.29', '3.1.1.29', '3.1.1.29', '3.1.1.29', '3.1.1.29', '3.1.1.29', '3.1.1.29', '3.1.1.29', '3.1.1.29', '3.1.1.29', '3.1.1.29', '3.1.1.29', '3.1.1.29', '3.1.1.29', '3.1.1.29', '3.1.1.29', '3.1.1.29', '3.1.1.29', '3.1.1.29', '3.1.1.29', '3.1.1.29', '3.1.1.29', '3.1.1.29', '3.1.1.29', '3.1.1.29', '3.1.1.29', '3.1.1.29', '3.1.1.29', '3.1.1.29', '3.1.1.29', '3.1.1.29', '3.1.1.29', '3.1.1.29', '3.1.1.29', '3.1.1.29', '3.1.1.29', '3.1.1.29', '3.1.1.29', '3.1.1.29', '3.1.1.29', '3.1.1.29', '3.1.1.29', '3.1.1.29', '3.1.1.29', '3.1.1.29', '3.1.1.29', '3.1.1.29', '3.1.1.29', '3.1.1.29', '3.1.1.29', '3.1.1.29', '3.1.1.29', '3.1.1.29', '3.1.1.29', '3.1.1.29', '3.1.1.29', '3.1.1.29', '3.1.1.29', '3.1.1.29', '3.1.1.29', '3.1.1.29', '3.1.1.29', '3.1.1.29', '3.1.1.29', '3.1.1.29', '3.1.1.29', '3.1.1.29', '3.1.1.29', '3.1.1.29', '3.1.1.29', '3.1.1.29', '3.1.1.29', '3.1.1.29', '3.1.1.29', '3.1.1.29', '3.1.1.29', '3.1.1.29', '3.1.1.29', '3.1.1.29', '3.1.1.29', '3.1.1.29', '3.1.1.29', '3.1.1.29', '3.1.1.29', '3.1.1.29', '3.1.1.29', '3.1.1.29', '3.1.1.29', '3.1.1.29', '3.1.1.29', '3.1.1.29', '3.1.1.29', '3.1.1.29', '3.1.1.29', '3.1.1.29', '3.1.1.29', '3.1.1.29', '3.1.1.29', '3.1.1.29', '3.1.1.29', '3.1.1.29', '3.1.1.29', '3.1.1.29', '3.1.1.29', '3.1.1.29', '3.1.1.29', '3.1.1.29', '3.1.1.29', '3.1.1.29', '3.1.1.29', '3.1.1.29', '3.1.1.29', '3.1.1.29', '3.1.1.29', '3.1.1.29', '3.1.1.29', '3.1.1.29', '3.1.1.29', '3.1.1.29', '3.1.1.29', '3.1.1.29', '3.1.1.29', '3.1.1.29', '3.1.1.29', '3.1.1.29', '3.1.1.29', '3.1.1.29', '3.1.1.29', '3.1.1.29', '3.1.1.29', '3.1.1.29', '3.1.1.29', '3.1.1.29', '3.1.1.29', '3.1.1.29', '3.1.1.29', '3.1.1.29', '3.1.1.29', '3.1.1.29', '3.1.1.29', '3.1.1.29', '3.1.1.29', '3.1.1.29', '3.1.1.29', '3.1.1.29', '3.1.1.29', '3.1.1.29', '3.1.1.29', '3.1.1.29', '3.1.1.29', '3.1.1.29', '3.1.1.29', '3.1.1.29', '3.1.1.29', '3.1.1.29', '3.1.1.29', '3.1.1.29', '3.1.1.29', '3.1.1.29', '3.1.1.29', '3.1.1.29', '3.1.1.29', '3.1.1.29', '3.1.1.29', '3.1.1.29', '3.1.1.29', '3.1.1.29', '3.1.1.29', '3.1.1.29', '3.1.1.29', '3.1.1.29', '3.1.1.29', '3.1.1.29', '3.1.1.29', '3.1.1.29', '3.1.1.29', '3.1.1.29', '3.1.1.29', '3.1.1.29', '3.1.1.29', '3.1.1.29', '3.1.1.29', '3.1.1.29', '3.1.1.29', '3.1.1.29', '3.1.1.29', '3.1.1.29', '3.1.1.29', '3.1.1.29', '3.1.1.29', '3.1.1.29', '3.1.1.29', '3.1.1.29', '3.1.1.29', '3.1.1.29', '3.1.1.29', '3.1.1.29', '3.1.1.29', '3.1.1.29', '3.1.1.29', '3.1.1.29', '3.1.1.29', '3.1.1.29', '3.1.1.29', '3.1.1.29', '3.1.1.29', '3.1.1.29', '3.1.1.29', '3.1.1.29', '3.1.1.29', '3.1.1.29', '3.1.1.29', '3.1.1.29', '3.1.1.29', '3.1.1.29', '3.1.1.29', '3.1.1.29', '3.1.1.29', '3.1.1.29', '3.1.1.29', '3.1.1.29', '3.1.1.29', '3.1.1.29', '3.1.1.29', '3.1.1.29', '3.1.1.29', '3.1.1.29', '3.1.1.29', '3.1.1.29', '3.1.1.29', '3.1.1.29', '3.1.1.29', '3.1.1.29', '3.1.1.29', '3.1.1.29', '3.1.1.29', '3.1.1.29', '3.1.1.29', '3.1.1.29', '3.1.1.29', '3.1.1.29', '3.1.1.29', '3.1.1.29', '3.1.1.29', '3.1.1.29', '3.1.1.29', '3.1.1.29', '3.1.1.29', '3.1.1.29', '3.1.1.29', '3.1.1.29', '3.1.1.29', '3.1.1.29', '3.1.1.29', '3.1.1.29', '3.1.1.29', '3.1.1.29', '3.1.1.29', '3.1.1.29', '3.1.1.29', '3.1.1.29', '3.1.1.29', '3.1.1.29', '3.1.1.29', '3.1.1.29', '3.1.1.29', '3.1.1.29', '3.1.1.29', '3.1.1.29', '3.1.1.29', '3.1.1.29', '3.1.1.29', '3.1.1.29', '3.1.1.29', '3.1.1.29', '3.1.1.29', '3.1.1.29', '3.1.1.29', '3.1.1.29', '3.1.1.29', '3.1.1.29', '3.1.1.29', '3.1.1.29', '3.1.1.29', '3.1.1.29', '3.1.1.29', '3.1.1.29', '3.1.1.29', '3.1.1.29', '3.1.1.29', '3.1.1.29', '3.1.1.29', '3.1.1.29', '3.1.1.29', '3.1.1.29', '3.1.1.29', '3.1.1.29', '3.1.1.29', '3.1.1.29', '3.1.1.29', '3.1.1.29', '3.1.1.29', '3.1.1.29', '3.1.1.29', '3.1.1.29', '3.1.1.29', '3.1.1.29', '3.1.1.29', '3.1.1.29', '3.1.1.29', '3.1.1.29', '3.1.1.29', '3.1.1.29', '3.1.1.29', '3.1.1.29', '3.1.1.29', '3.1.1.29', '3.1.1.29', '3.1.1.29', '3.1.1.29', '3.1.1.29', '3.1.1.29', '3.1.1.29', '3.1.1.29', '3.1.1.29', '3.1.1.29', '3.1.1.29', '3.1.1.29', '3.1.1.29', '3.1.1.29', '3.1.1.29', '3.1.1.29', '3.1.1.29', '3.1.1.29', '3.1.1.29', '3.1.1.29', '3.1.1.29', '3.1.1.29', '3.1.1.29', '3.1.1.29', '3.1.1.29', '3.1.1.29', '3.1.1.29', '3.1.1.29', '3.1.1.29', '3.1.1.29', '3.1.1.29', '3.1.1.29', '3.1.1.29', '3.1.1.29', '3.1.1.29', '3.1.1.29', '3.1.1.29', '3.1.1.29', '3.1.1.29', '3.1.1.29', '3.1.1.29', '3.1.1.29', '3.1.1.29', '3.1.1.29', '3.1.1.29', '3.1.1.29', '3.1.1.29', '3.1.1.29', '3.1.1.29', '3.1.1.29', '3.1.1.29', '3.1.1.29', '3.1.1.29', '3.1.1.29', '3.1.1.29', '3.1.1.29', '3.1.1.29', '3.1.1.29', '3.1.1.29', '3.1.1.29', '3.1.1.29', '3.1.1.29', '3.1.1.29', '3.1.1.29', '3.1.1.29', '3.1.1.29', '3.1.1.29', '3.1.1.29', '3.1.1.29', '3.1.1.29', '3.1.1.29', '3.1.1.29', '3.1.1.29', '3.1.1.29', '3.1.1.29', '3.1.1.29', '3.1.1.29', '3.1.1.29', '3.1.1.29', '3.1.1.29', '3.1.1.29', '3.1.1.29', '3.1.1.29', '3.1.1.29', '3.1.1.29', '3.1.1.29', '3.1.1.29', '3.1.1.29', '3.1.1.29', '3.1.1.29', '3.1.1.29', '3.1.1.29', '3.1.1.29', '3.1.1.29', '3.1.1.29', '3.1.1.29', '3.1.1.29', '3.1.1.29', '3.1.1.29', '3.1.1.29', '3.1.1.29', '3.1.1.29', '3.1.1.29', '3.1.1.29', '3.1.1.29', '3.1.1.29', '3.1.1.29', '3.1.1.29', '3.1.1.29', '3.1.1.29', '3.1.1.29', '3.1.1.29', '3.1.1.29', '3.1.1.29', '3.1.1.29', '3.1.1.29', '3.1.1.29', '3.1.1.29', '3.1.1.29', '3.1.1.29', '3.1.1.29', '3.1.1.29', '3.1.1.29', '3.1.1.29', '3.1.1.29', '3.1.1.29', '3.1.1.29', '3.1.1.29', '3.1.1.29', '3.1.1.29', '3.1.1.29', '3.1.1.29', '3.1.1.29', '3.1.1.29', '3.1.1.29', '3.1.1.29', '3.1.1.29', '3.1.1.29', '3.1.1.29', '3.1.1.29', '3.1.1.29', '3.1.1.29', '3.1.1.29', '3.1.1.29', '3.1.1.29', '3.1.1.29', '3.1.1.29', '3.1.1.29', '3.1.1.29', '3.1.1.29', '3.1.1.29', '3.1.1.29', '3.1.1.29', '3.1.1.29', '3.1.1.29', '3.1.1.29', '3.1.1.29', '3.1.1.29', '3.1.1.29', '3.1.1.29']",,0.8190043807029724,553,,1.0,1.0
test-ec-onehot-uniref,ba63000,6.1.1.21,no-tax,train_common,900,0.99,0.99,891,1.0,891,4.0,1.0,891,296.05232558139534,,,,,1.0,,0.8361424792368125,0.020202020202020204,0.20763187429854096,"['6.1.1.21', '6.1.1.21', '6.1.1.21', '6.1.1.21', '6.1.1.21', '6.1.1.21', '6.1.1.21', '6.1.1.21', '6.1.1.21', '6.1.1.21', '6.1.1.21', '6.1.1.21', '6.1.1.21', '6.1.1.21', '6.1.1.21', '6.1.1.21', '6.1.1.21', '6.1.1.21', '6.1.1.21', '6.1.1.21', '6.1.1.21', '6.1.1.21', '6.1.1.21', '6.1.1.21', '6.1.1.21', '6.1.1.21', '6.1.1.21', '6.1.1.21', '6.1.1.21', '6.1.1.21', '6.1.1.21', '6.1.1.21', '6.1.1.21', '6.1.1.21', '6.1.1.21', '6.1.1.21', '6.1.1.21', '6.1.1.21', '6.1.1.21', '6.1.1.21', '6.1.1.21', '6.1.1.21', '6.1.1.21', '6.1.1.21', '6.1.1.21', '6.1.1.21', '6.1.1.21', '6.1.1.21', '6.1.1.21', '6.1.1.21', '6.1.1.21', '6.1.1.21', '6.1.1.21', '6.1.1.21', '6.1.1.21', '6.1.1.21', '6.1.1.21', '6.1.1.21', '6.1.1.21', '6.1.1.21', '6.1.1.21', '6.1.1.21', '6.1.1.21', '6.1.1.21', '6.1.1.21', '6.1.1.21', '6.1.1.21', '6.1.1.21', '6.1.1.21', '6.1.1.21', '6.1.1.21', '6.1.1.21', '6.1.1.21', '6.1.1.21', '6.1.1.21', '6.1.1.21', '6.1.1.21', '6.1.1.21', '6.1.1.21', '6.1.1.21', '6.1.1.21', '6.1.1.21', '6.1.1.21', '6.1.1.21', '6.1.1.21', '6.1.1.21', '6.1.1.21', '6.1.1.21', '6.1.1.21', '6.1.1.21', '6.1.1.21', '6.1.1.21', '6.1.1.21', '6.1.1.21', '6.1.1.21', '6.1.1.21', '6.1.1.21', '6.1.1.21', '6.1.1.21', '6.1.1.21', '6.1.1.21', '6.1.1.21', '6.1.1.21', '6.1.1.21', '6.1.1.21', '6.1.1.21', '6.1.1.21', '6.1.1.21', '6.1.1.21', '6.1.1.21', '6.1.1.21', '6.1.1.21', '6.1.1.21', '6.1.1.21', '6.1.1.21', '6.1.1.21', '6.1.1.21', '6.1.1.21', '6.1.1.21', '6.1.1.21', '6.1.1.21', '6.1.1.21', '6.1.1.21', '6.1.1.21', '6.1.1.21', '6.1.1.21', '6.1.1.21', '6.1.1.21', '6.1.1.21', '6.1.1.21', '6.1.1.21', '6.1.1.21', '6.1.1.21', '6.1.1.21', '6.1.1.21', '6.1.1.21', '6.1.1.21', '6.1.1.21', '6.1.1.21', '6.1.1.21', '6.1.1.21', '6.1.1.21', '6.1.1.21', '6.1.1.21', '6.1.1.21', '6.1.1.21', '6.1.1.21', '6.1.1.21', '6.1.1.21', '6.1.1.21', '6.1.1.21', '6.1.1.21', '6.1.1.21', '6.1.1.21', '6.1.1.21', '6.1.1.21', '6.1.1.21', '6.1.1.21', '6.1.1.21', '6.1.1.21', '6.1.1.21', '6.1.1.21', '6.1.1.21', '6.1.1.21', '6.1.1.21', '6.1.1.21', '6.1.1.21', '6.1.1.21', '6.1.1.21', '6.1.1.21', '6.1.1.21', '6.1.1.21', '6.1.1.21', '6.1.1.21', '6.1.1.21', '6.1.1.21', '6.1.1.21', '6.1.1.21', '6.1.1.21', '6.1.1.21', '6.1.1.21', '6.1.1.21', '6.1.1.21', '6.1.1.21', '6.1.1.21', '6.1.1.21', '6.1.1.21', '6.1.1.21', '6.1.1.21', '6.1.1.21', '6.1.1.21', '6.1.1.21', '6.1.1.21', '6.1.1.21', '6.1.1.21', '6.1.1.21', '6.1.1.21', '6.1.1.21', '6.1.1.21', '6.1.1.21', '6.1.1.21', '6.1.1.21', '6.1.1.21', '6.1.1.21', '6.1.1.21', '6.1.1.21', '6.1.1.21', '6.1.1.21', '6.1.1.21', '6.1.1.21', '6.1.1.21', '6.1.1.21', '6.1.1.21', '6.1.1.21', '6.1.1.21', '6.1.1.21', '6.1.1.21', '6.1.1.21', '6.1.1.21', '6.1.1.21', '6.1.1.21', '6.1.1.21', '6.1.1.21', '6.1.1.21', '6.1.1.21', '6.1.1.21', '6.1.1.21', '6.1.1.21', '6.1.1.21', '6.1.1.21', '6.1.1.21', '6.1.1.21', '6.1.1.21', '6.1.1.21', '6.1.1.21', '6.1.1.21', '6.1.1.21', '6.1.1.21', '6.1.1.21', '6.1.1.21', '6.1.1.21', '6.1.1.21', '6.1.1.21', '6.1.1.21', '6.1.1.21', '6.1.1.21', '6.1.1.21', '6.1.1.21', '6.1.1.21', '6.1.1.21', '6.1.1.21', '6.1.1.21', '6.1.1.21', '6.1.1.21', '6.1.1.21', '6.1.1.21', '6.1.1.21', '6.1.1.21', '6.1.1.21', '6.1.1.21', '6.1.1.21', '6.1.1.21', '6.1.1.21', '6.1.1.21', '6.1.1.21', '6.1.1.21', '6.1.1.21', '6.1.1.21', '6.1.1.21', '6.1.1.21', '6.1.1.21', '6.1.1.21', '6.1.1.21', '6.1.1.21', '6.1.1.21', '6.1.1.21', '6.1.1.21', '6.1.1.21', '6.1.1.21', '6.1.1.21', '6.1.1.21', '6.1.1.21', '6.1.1.21', '6.1.1.21', '6.1.1.21', '6.1.1.21', '6.1.1.21', '6.1.1.21', '6.1.1.21', '6.1.1.21', '6.1.1.21', '6.1.1.21', '6.1.1.21', '6.1.1.21', '6.1.1.21', '6.1.1.21', '6.1.1.21', '6.1.1.21', '6.1.1.21', '6.1.1.21', '6.1.1.21', '6.1.1.21', '6.1.1.21', '6.1.1.21', '6.1.1.21', '6.1.1.21', '6.1.1.21', '6.1.1.21', '6.1.1.21', '6.1.1.21', '6.1.1.21', '6.1.1.21', '6.1.1.21', '6.1.1.21', '6.1.1.21', '6.1.1.21', '6.1.1.21', '6.1.1.21', '6.1.1.21', '6.1.1.21', '6.1.1.21', '6.1.1.21', '6.1.1.21', '6.1.1.21', '6.1.1.21', '6.1.1.21', '6.1.1.21', '6.1.1.21', '6.1.1.21', '6.1.1.21', '6.1.1.21', '6.1.1.21', '6.1.1.21', '6.1.1.21', '6.1.1.21', '6.1.1.21', '6.1.1.21', '6.1.1.21', '6.1.1.21', '6.1.1.21', '6.1.1.21', '6.1.1.21', '6.1.1.21', '6.1.1.21', '6.1.1.21', '6.1.1.21', '6.1.1.21', '6.1.1.21', '6.1.1.21', '6.1.1.21', '6.1.1.21', '6.1.1.21', '6.1.1.21', '6.1.1.21', '6.1.1.21', '6.1.1.21', '6.1.1.21', '6.1.1.21', '6.1.1.21', '6.1.1.21', '6.1.1.21', '6.1.1.21', '6.1.1.21', '6.1.1.21', '6.1.1.21', '6.1.1.21', '6.1.1.21', '6.1.1.21', '6.1.1.21', '6.1.1.21', '6.1.1.21', '6.1.1.21', '6.1.1.21', '6.1.1.21', '6.1.1.21', '6.1.1.21', '6.1.1.21', '6.1.1.21', '6.1.1.21', '6.1.1.21', '6.1.1.21', '6.1.1.21', '6.1.1.21', '6.1.1.21', '6.1.1.21', '6.1.1.21', '6.1.1.21', '6.1.1.21', '6.1.1.21', '6.1.1.21', '6.1.1.21', '6.1.1.21', '6.1.1.21', '6.1.1.21', '6.1.1.21', '6.1.1.21', '6.1.1.21', '6.1.1.21', '6.1.1.21', '6.1.1.21', '6.1.1.21', '6.1.1.21', '6.1.1.21', '6.1.1.21', '6.1.1.21', '6.1.1.21', '6.1.1.21', '6.1.1.21', '6.1.1.21', '6.1.1.21', '6.1.1.21', '6.1.1.21', '6.1.1.21', '6.1.1.21', '6.1.1.21', '6.1.1.21', '6.1.1.21', '6.1.1.21', '6.1.1.21', '6.1.1.21', '6.1.1.21', '6.1.1.21', '6.1.1.21', '6.1.1.21', '6.1.1.21', '6.1.1.21', '6.1.1.21', '6.1.1.21', '6.1.1.21', '6.1.1.21', '6.1.1.21', '6.1.1.21', '6.1.1.21', '6.1.1.21', '6.1.1.21', '6.1.1.21', '6.1.1.21', '6.1.1.21', '6.1.1.21', '6.1.1.21', '6.1.1.21', '6.1.1.21', '6.1.1.21', '6.1.1.21', '6.1.1.21', '6.1.1.21', '6.1.1.21', '6.1.1.21', '6.1.1.21', '6.1.1.21', '6.1.1.21', '6.1.1.21', '6.1.1.21', '6.1.1.21', '6.1.1.21', '6.1.1.21', '6.1.1.21', '6.1.1.21', '6.1.1.21', '6.1.1.21', '6.1.1.21', '6.1.1.21', '6.1.1.21', '6.1.1.21', '6.1.1.21', '6.1.1.21', '6.1.1.21', '6.1.1.21', '6.1.1.21', '6.1.1.21', '6.1.1.21', '6.1.1.21', '6.1.1.21', '6.1.1.21', '6.1.1.21', '6.1.1.21', '6.1.1.21', '6.1.1.21', '6.1.1.21', '6.1.1.21', '6.1.1.21', '6.1.1.21', '6.1.1.21', '6.1.1.21', '6.1.1.21', '6.1.1.21', '6.1.1.21', '6.1.1.21', '6.1.1.21', '6.1.1.21', '6.1.1.21', '6.1.1.21', '6.1.1.21', '6.1.1.21', '6.1.1.21', '6.1.1.21', '6.1.1.21', '6.1.1.21', '6.1.1.21', '6.1.1.21', '6.1.1.21', '6.1.1.21', '6.1.1.21', '6.1.1.21', '6.1.1.21', '6.1.1.21', '6.1.1.21', '6.1.1.21', '6.1.1.21', '6.1.1.21', '6.1.1.21', '6.1.1.21', '6.1.1.21', '6.1.1.21', '6.1.1.21', '6.1.1.21', '6.1.1.21', '6.1.1.21', '6.1.1.21', '6.1.1.21', '6.1.1.21', '6.1.1.21', '6.1.1.21', '6.1.1.21', '6.1.1.21', '6.1.1.21', '6.1.1.21', '6.1.1.21', '6.1.1.21', '6.1.1.21', '6.1.1.21', '6.1.1.21', '6.1.1.21', '6.1.1.21', '6.1.1.21', '6.1.1.21', '6.1.1.21', '6.1.1.21', '6.1.1.21', '6.1.1.21', '6.1.1.21', '6.1.1.21', '6.1.1.21', '6.1.1.21', '6.1.1.21', '6.1.1.21', '6.1.1.21', '6.1.1.21', '6.1.1.21', '6.1.1.21', '6.1.1.21', '6.1.1.21', '6.1.1.21', '6.1.1.21', '6.1.1.21', '6.1.1.21', '6.1.1.21', '6.1.1.21', '6.1.1.21', '6.1.1.21', '6.1.1.21', '6.1.1.21', '6.1.1.21', '6.1.1.21', '6.1.1.21', '6.1.1.21', '6.1.1.21', '6.1.1.21', '6.1.1.21', '6.1.1.21', '6.1.1.21', '6.1.1.21', '6.1.1.21', '6.1.1.21', '6.1.1.21', '6.1.1.21', '6.1.1.21', '6.1.1.21', '6.1.1.21', '6.1.1.21', '6.1.1.21', '6.1.1.21', '6.1.1.21', '6.1.1.21', '6.1.1.21', '6.1.1.21', '6.1.1.21', '6.1.1.21', '6.1.1.21', '6.1.1.21', '6.1.1.21', '6.1.1.21', '6.1.1.21', '6.1.1.21', '6.1.1.21', '6.1.1.21', '6.1.1.21', '6.1.1.21', '6.1.1.21', '6.1.1.21', '6.1.1.21', '6.1.1.21', '6.1.1.21', '6.1.1.21', '6.1.1.21', '6.1.1.21', '6.1.1.21', '6.1.1.21', '6.1.1.21', '6.1.1.21', '6.1.1.21', '6.1.1.21', '6.1.1.21', '6.1.1.21', '6.1.1.21', '6.1.1.21', '6.1.1.21', '6.1.1.21', '6.1.1.21', '6.1.1.21', '6.1.1.21', '6.1.1.21', '6.1.1.21', '6.1.1.21', '6.1.1.21', '6.1.1.21', '6.1.1.21', '6.1.1.21', '6.1.1.21', '6.1.1.21', '6.1.1.21', '6.1.1.21', '6.1.1.21', '6.1.1.21', '6.1.1.21', '6.1.1.21', '6.1.1.21', '6.1.1.21', '6.1.1.21', '6.1.1.21', '6.1.1.21', '6.1.1.21', '6.1.1.21', '6.1.1.21', '6.1.1.21', '6.1.1.21', '6.1.1.21', '6.1.1.21', '6.1.1.21', '6.1.1.21', '6.1.1.21', '6.1.1.21', '6.1.1.21', '6.1.1.21', '6.1.1.21', '6.1.1.21', '6.1.1.21', '6.1.1.21', '6.1.1.21', '6.1.1.21', '6.1.1.21', '6.1.1.21', '6.1.1.21', '6.1.1.21', '6.1.1.21', '6.1.1.21', '6.1.1.21', '6.1.1.21', '6.1.1.21', '6.1.1.21', '6.1.1.21', '6.1.1.21', '6.1.1.21', '6.1.1.21', '6.1.1.21', '6.1.1.21', '6.1.1.21', '6.1.1.21', '6.1.1.21', '6.1.1.21', '6.1.1.21', '6.1.1.21', '6.1.1.21', '6.1.1.21', '6.1.1.21', '6.1.1.21', '6.1.1.21', '6.1.1.21', '6.1.1.21', '6.1.1.21', '6.1.1.21', '6.1.1.21', '6.1.1.21', '6.1.1.21', '6.1.1.21', '6.1.1.21', '6.1.1.21', '6.1.1.21', '6.1.1.21', '6.1.1.21', '6.1.1.21', '6.1.1.21', '6.1.1.21', '6.1.1.21', '6.1.1.21', '6.1.1.21', '6.1.1.21', '6.1.1.21', '6.1.1.21', '6.1.1.21', '6.1.1.21', '6.1.1.21', '6.1.1.21', '6.1.1.21', '6.1.1.21', '6.1.1.21', '6.1.1.21', '6.1.1.21', '6.1.1.21', '6.1.1.21', '6.1.1.21', '6.1.1.21', '6.1.1.21', '6.1.1.21', '6.1.1.21', '6.1.1.21', '6.1.1.21', '6.1.1.21', '6.1.1.21', '6.1.1.21', '6.1.1.21', '6.1.1.21', '6.1.1.21', '6.1.1.21', '6.1.1.21', '6.1.1.21', '6.1.1.21', '6.1.1.21', '6.1.1.21', '6.1.1.21', '6.1.1.21', '6.1.1.21', '6.1.1.21', '6.1.1.21', '6.1.1.21', '6.1.1.21', '6.1.1.21', '6.1.1.21', '6.1.1.21', '6.1.1.21', '6.1.1.21', '6.1.1.21', '6.1.1.21', '6.1.1.21', '6.1.1.21', '6.1.1.21', '6.1.1.21', '6.1.1.21', '6.1.1.21', '6.1.1.21', '6.1.1.21', '6.1.1.21', '6.1.1.21', '6.1.1.21', '6.1.1.21', '6.1.1.21', '6.1.1.21', '6.1.1.21', '6.1.1.21', '6.1.1.21', '6.1.1.21', '6.1.1.21', '6.1.1.21', '6.1.1.21', '6.1.1.21', '6.1.1.21', '6.1.1.21', '6.1.1.21', '6.1.1.21', '6.1.1.21', '6.1.1.21', '6.1.1.21', '6.1.1.21', '6.1.1.21', '6.1.1.21', '6.1.1.21', '6.1.1.21', '6.1.1.21', '6.1.1.21', '6.1.1.21', '6.1.1.21', '6.1.1.21', '6.1.1.21', '6.1.1.21', '6.1.1.21', '6.1.1.21', '6.1.1.21', '6.1.1.21', '6.1.1.21', '6.1.1.21', '6.1.1.21', '6.1.1.21', '6.1.1.21', '6.1.1.21', '6.1.1.21', '6.1.1.21', '6.1.1.21', '6.1.1.21', '6.1.1.21', '6.1.1.21', '6.1.1.21', '6.1.1.21', '6.1.1.21', '6.1.1.21', '6.1.1.21', '6.1.1.21', '6.1.1.21', '6.1.1.21', '6.1.1.21', '6.1.1.21', '6.1.1.21', '6.1.1.21', '6.1.1.21', '6.1.1.21', '6.1.1.21', '6.1.1.21', '6.1.1.21', '6.1.1.21', '6.1.1.21', '6.1.1.21', '6.1.1.21', '6.1.1.21', '6.1.1.21', '6.1.1.21', '6.1.1.21', '6.1.1.21', '6.1.1.21', '6.1.1.21', '6.1.1.21', '6.1.1.21', '6.1.1.21', '6.1.1.21', '6.1.1.21', '6.1.1.21', '6.1.1.21', '6.1.1.21', '6.1.1.21', '6.1.1.21', '6.1.1.21', '6.1.1.21', '6.1.1.21', '6.1.1.21', '6.1.1.21', '6.1.1.21', '6.1.1.21', '6.1.1.21', '6.1.1.21', '6.1.1.21', '6.1.1.21', '6.1.1.21', '6.1.1.21', '6.1.1.21', '6.1.1.21', '6.1.1.21', '6.1.1.21', '6.1.1.21', '6.1.1.21', '6.1.1.21', '6.1.1.21', '6.1.1.21', '6.1.1.21', '6.1.1.21', '6.1.1.21', '6.1.1.21', '6.1.1.21', '6.1.1.21', '6.1.1.21', '6.1.1.21', '6.1.1.21', '6.1.1.21', '6.1.1.21', '6.1.1.21', '6.1.1.21', '6.1.1.21', '6.1.1.21', '6.1.1.21', '6.1.1.21', '6.1.1.21', '6.1.1.21', '6.1.1.21', '6.1.1.21']",,0.8208526474237442,516,,1.0000001192092896,1.0000001192092896
test-ec-onehot-uniref,ba63000,2.7.1.33,no-tax,train_common,900,0.9988888888888889,0.9988888888888889,899,1.0,899,4.0,1.0,899,281.3314917127072,,,,,1.0,,0.6768000111234705,0.0033370411568409346,0.7486095661846496,"['2.7.1.33', '2.7.1.33', '2.7.1.33', '2.7.1.33', '2.7.1.33', '2.7.1.33', '2.7.1.33', '2.7.1.33', '2.7.1.33', '2.7.1.33', '2.7.1.33', '2.7.1.33', '2.7.1.33', '2.7.1.33', '2.7.1.33', '2.7.1.33', '2.7.1.33', '2.7.1.33', '2.7.1.33', '2.7.1.33', '2.7.1.33', '2.7.1.33', '2.7.1.33', '2.7.1.33', '2.7.1.33', '2.7.1.33', '2.7.1.33', '2.7.1.33', '2.7.1.33', '2.7.1.33', '2.7.1.33', '2.7.1.33', '2.7.1.33', '2.7.1.33', '2.7.1.33', '2.7.1.33', '2.7.1.33', '2.7.1.33', '2.7.1.33', '2.7.1.33', '2.7.1.33', '2.7.1.33', '2.7.1.33', '2.7.1.33', '2.7.1.33', '2.7.1.33', '2.7.1.33', '2.7.1.33', '2.7.1.33', '2.7.1.33', '2.7.1.33', '2.7.1.33', '2.7.1.33', '2.7.1.33', '2.7.1.33', '2.7.1.33', '2.7.1.33', '2.7.1.33', '2.7.1.33', '2.7.1.33', '2.7.1.33', '2.7.1.33', '2.7.1.33', '2.7.1.33', '2.7.1.33', '2.7.1.33', '2.7.1.33', '2.7.1.33', '2.7.1.33', '2.7.1.33', '2.7.1.33', '2.7.1.33', '2.7.1.33', '2.7.1.33', '2.7.1.33', '2.7.1.33', '2.7.1.33', '2.7.1.33', '2.7.1.33', '2.7.1.33', '2.7.1.33', '2.7.1.33', '2.7.1.33', '2.7.1.33', '2.7.1.33', '2.7.1.33', '2.7.1.33', '2.7.1.33', '2.7.1.33', '2.7.1.33', '2.7.1.33', '2.7.1.33', '2.7.1.33', '2.7.1.33', '2.7.1.33', '2.7.1.33', '2.7.1.33', '2.7.1.33', '2.7.1.33', '2.7.1.33', '2.7.1.33', '2.7.1.33', '2.7.1.33', '2.7.1.33', '2.7.1.33', '2.7.1.33', '2.7.1.33', '2.7.1.33', '2.7.1.33', '2.7.1.33', '2.7.1.33', '2.7.1.33', '2.7.1.33', '2.7.1.33', '2.7.1.33', '2.7.1.33', '2.7.1.33', '2.7.1.33', '2.7.1.33', '2.7.1.33', '2.7.1.33', '2.7.1.33', '2.7.1.33', '2.7.1.33', '2.7.1.33', '2.7.1.33', '2.7.1.33', '2.7.1.33', '2.7.1.33', '2.7.1.33', '2.7.1.33', '2.7.1.33', '2.7.1.33', '2.7.1.33', '2.7.1.33', '2.7.1.33', '2.7.1.33', '2.7.1.33', '2.7.1.33', '2.7.1.33', '2.7.1.33', '2.7.1.33', '2.7.1.33', '2.7.1.33', '2.7.1.33', '2.7.1.33', '2.7.1.33', '2.7.1.33', '2.7.1.33', '2.7.1.33', '2.7.1.33', '2.7.1.33', '2.7.1.33', '2.7.1.33', '2.7.1.33', '2.7.1.33', '2.7.1.33', '2.7.1.33', '2.7.1.33', '2.7.1.33', '2.7.1.33', '2.7.1.33', '2.7.1.33', '2.7.1.33', '2.7.1.33', '2.7.1.33', '2.7.1.33', '2.7.1.33', '2.7.1.33', '2.7.1.33', '2.7.1.33', '2.7.1.33', '2.7.1.33', '2.7.1.33', '2.7.1.33', '2.7.1.33', '2.7.1.33', '2.7.1.33', '2.7.1.33', '2.7.1.33', '2.7.1.33', '2.7.1.33', '2.7.1.33', '2.7.1.33', '2.7.1.33', '2.7.1.33', '2.7.1.33', '2.7.1.33', '2.7.1.33', '2.7.1.33', '2.7.1.33', '2.7.1.33', '2.7.1.33', '2.7.1.33', '2.7.1.33', '2.7.1.33', '2.7.1.33', '2.7.1.33', '2.7.1.33', '2.7.1.33', '2.7.1.33', '2.7.1.33', '2.7.1.33', '2.7.1.33', '2.7.1.33', '2.7.1.33', '2.7.1.33', '2.7.1.33', '2.7.1.33', '2.7.1.33', '2.7.1.33', '2.7.1.33', '2.7.1.33', '2.7.1.33', '2.7.1.33', '2.7.1.33', '2.7.1.33', '2.7.1.33', '2.7.1.33', '2.7.1.33', '2.7.1.33', '2.7.1.33', '2.7.1.33', '2.7.1.33', '2.7.1.33', '2.7.1.33', '2.7.1.33', '2.7.1.33', '2.7.1.33', '2.7.1.33', '2.7.1.33', '2.7.1.33', '2.7.1.33', '2.7.1.33', '2.7.1.33', '2.7.1.33', '2.7.1.33', '2.7.1.33', '2.7.1.33', '2.7.1.33', '2.7.1.33', '2.7.1.33', '2.7.1.33', '2.7.1.33', '2.7.1.33', '2.7.1.33', '2.7.1.33', '2.7.1.33', '2.7.1.33', '2.7.1.33', '2.7.1.33', '2.7.1.33', '2.7.1.33', '2.7.1.33', '2.7.1.33', '2.7.1.33', '2.7.1.33', '2.7.1.33', '2.7.1.33', '2.7.1.33', '2.7.1.33', '2.7.1.33', '2.7.1.33', '2.7.1.33', '2.7.1.33', '2.7.1.33', '2.7.1.33', '2.7.1.33', '2.7.1.33', '2.7.1.33', '2.7.1.33', '2.7.1.33', '2.7.1.33', '2.7.1.33', '2.7.1.33', '2.7.1.33', '2.7.1.33', '2.7.1.33', '2.7.1.33', '2.7.1.33', '2.7.1.33', '2.7.1.33', '2.7.1.33', '2.7.1.33', '2.7.1.33', '2.7.1.33', '2.7.1.33', '2.7.1.33', '2.7.1.33', '2.7.1.33', '2.7.1.33', '2.7.1.33', '2.7.1.33', '2.7.1.33', '2.7.1.33', '2.7.1.33', '2.7.1.33', '2.7.1.33', '2.7.1.33', '2.7.1.33', '2.7.1.33', '2.7.1.33', '2.7.1.33', '2.7.1.33', '2.7.1.33', '2.7.1.33', '2.7.1.33', '2.7.1.33', '2.7.1.33', '2.7.1.33', '2.7.1.33', '2.7.1.33', '2.7.1.33', '2.7.1.33', '2.7.1.33', '2.7.1.33', '2.7.1.33', '2.7.1.33', '2.7.1.33', '2.7.1.33', '2.7.1.33', '2.7.1.33', '2.7.1.33', '2.7.1.33', '2.7.1.33', '2.7.1.33', '2.7.1.33', '2.7.1.33', '2.7.1.33', '2.7.1.33', '2.7.1.33', '2.7.1.33', '2.7.1.33', '2.7.1.33', '2.7.1.33', '2.7.1.33', '2.7.1.33', '2.7.1.33', '2.7.1.33', '2.7.1.33', '2.7.1.33', '2.7.1.33', '2.7.1.33', '2.7.1.33', '2.7.1.33', '2.7.1.33', '2.7.1.33', '2.7.1.33', '2.7.1.33', '2.7.1.33', '2.7.1.33', '2.7.1.33', '2.7.1.33', '2.7.1.33', '2.7.1.33', '2.7.1.33', '2.7.1.33', '2.7.1.33', '2.7.1.33', '2.7.1.33', '2.7.1.33', '2.7.1.33', '2.7.1.33', '2.7.1.33', '2.7.1.33', '2.7.1.33', '2.7.1.33', '2.7.1.33', '2.7.1.33', '2.7.1.33', '2.7.1.33', '2.7.1.33', '2.7.1.33', '2.7.1.33', '2.7.1.33', '2.7.1.33', '2.7.1.33', '2.7.1.33', '2.7.1.33', '2.7.1.33', '2.7.1.33', '2.7.1.33', '2.7.1.33', '2.7.1.33', '2.7.1.33', '2.7.1.33', '2.7.1.33', '2.7.1.33', '2.7.1.33', '2.7.1.33', '2.7.1.33', '2.7.1.33', '2.7.1.33', '2.7.1.33', '2.7.1.33', '2.7.1.33', '2.7.1.33', '2.7.1.33', '2.7.1.33', '2.7.1.33', '2.7.1.33', '2.7.1.33', '2.7.1.33', '2.7.1.33', '2.7.1.33', '2.7.1.33', '2.7.1.33', '2.7.1.33', '2.7.1.33', '2.7.1.33', '2.7.1.33', '2.7.1.33', '2.7.1.33', '2.7.1.33', '2.7.1.33', '2.7.1.33', '2.7.1.33', '2.7.1.33', '2.7.1.33', '2.7.1.33', '2.7.1.33', '2.7.1.33', '2.7.1.33', '2.7.1.33', '2.7.1.33', '2.7.1.33', '2.7.1.33', '2.7.1.33', '2.7.1.33', '2.7.1.33', '2.7.1.33', '2.7.1.33', '2.7.1.33', '2.7.1.33', '2.7.1.33', '2.7.1.33', '2.7.1.33', '2.7.1.33', '2.7.1.33', '2.7.1.33', '2.7.1.33', '2.7.1.33', '2.7.1.33', '2.7.1.33', '2.7.1.33', '2.7.1.33', '2.7.1.33', '2.7.1.33', '2.7.1.33', '2.7.1.33', '2.7.1.33', '2.7.1.33', '2.7.1.33', '2.7.1.33', '2.7.1.33', '2.7.1.33', '2.7.1.33', '2.7.1.33', '2.7.1.33', '2.7.1.33', '2.7.1.33', '2.7.1.33', '2.7.1.33', '2.7.1.33', '2.7.1.33', '2.7.1.33', '2.7.1.33', '2.7.1.33', '2.7.1.33', '2.7.1.33', '2.7.1.33', '2.7.1.33', '2.7.1.33', '2.7.1.33', '2.7.1.33', '2.7.1.33', '2.7.1.33', '2.7.1.33', '2.7.1.33', '2.7.1.33', '2.7.1.33', '2.7.1.33', '2.7.1.33', '2.7.1.33', '2.7.1.33', '2.7.1.33', '2.7.1.33', '2.7.1.33', '2.7.1.33', '2.7.1.33', '2.7.1.33', '2.7.1.33', '2.7.1.33', '2.7.1.33', '2.7.1.33', '2.7.1.33', '2.7.1.33', '2.7.1.33', '2.7.1.33', '2.7.1.33', '2.7.1.33', '2.7.1.33', '2.7.1.33', '2.7.1.33', '2.7.1.33', '2.7.1.33', '2.7.1.33', '2.7.1.33', '2.7.1.33', '2.7.1.33', '2.7.1.33', '2.7.1.33', '2.7.1.33', '2.7.1.33', '2.7.1.33', '2.7.1.33', '2.7.1.33', '2.7.1.33', '2.7.1.33', '2.7.1.33', '2.7.1.33', '2.7.1.33', '2.7.1.33', '2.7.1.33', '2.7.1.33', '2.7.1.33', '2.7.1.33', '2.7.1.33', '2.7.1.33', '2.7.1.33', '2.7.1.33', '2.7.1.33', '2.7.1.33', '2.7.1.33', '2.7.1.33', '2.7.1.33', '2.7.1.33', '2.7.1.33', '2.7.1.33', '2.7.1.33', '2.7.1.33', '2.7.1.33', '2.7.1.33', '2.7.1.33', '2.7.1.33', '2.7.1.33', '2.7.1.33', '2.7.1.33', '2.7.1.33', '2.7.1.33', '2.7.1.33', '2.7.1.33', '2.7.1.33', '2.7.1.33', '2.7.1.33', '2.7.1.33', '2.7.1.33', '2.7.1.33', '2.7.1.33', '2.7.1.33', '2.7.1.33', '2.7.1.33', '2.7.1.33', '2.7.1.33', '2.7.1.33', '2.7.1.33', '2.7.1.33', '2.7.1.33', '2.7.1.33', '2.7.1.33', '2.7.1.33', '2.7.1.33', '2.7.1.33', '2.7.1.33', '2.7.1.33', '2.7.1.33', '2.7.1.33', '2.7.1.33', '2.7.1.33', '2.7.1.33', '2.7.1.33', '2.7.1.33', '2.7.1.33', '2.7.1.33', '2.7.1.33', '2.7.1.33', '2.7.1.33', '2.7.1.33', '2.7.1.33', '2.7.1.33', '2.7.1.33', '2.7.1.33', '2.7.1.33', '2.7.1.33', '2.7.1.33', '2.7.1.33', '2.7.1.33', '2.7.1.33', '2.7.1.33', '2.7.1.33', '2.7.1.33', '2.7.1.33', '2.7.1.33', '2.7.1.33', '2.7.1.33', '2.7.1.33', '2.7.1.33', '2.7.1.33', '2.7.1.33', '2.7.1.33', '2.7.1.33', '2.7.1.33', '2.7.1.33', '2.7.1.33', '2.7.1.33', '2.7.1.33', '2.7.1.33', '2.7.1.33', '2.7.1.33', '2.7.1.33', '2.7.1.33', '2.7.1.33', '2.7.1.33', '2.7.1.33', '2.7.1.33', '2.7.1.33', '2.7.1.33', '2.7.1.33', '2.7.1.33', '2.7.1.33', '2.7.1.33', '2.7.1.33', '2.7.1.33', '2.7.1.33', '2.7.1.33', '2.7.1.33', '2.7.1.33', '2.7.1.33', '2.7.1.33', '2.7.1.33', '2.7.1.33', '2.7.1.33', '2.7.1.33', '2.7.1.33', '2.7.1.33', '2.7.1.33', '2.7.1.33', '2.7.1.33', '2.7.1.33', '2.7.1.33', '2.7.1.33', '2.7.1.33', '2.7.1.33', '2.7.1.33', '2.7.1.33', '2.7.1.33', '2.7.1.33', '2.7.1.33', '2.7.1.33', '2.7.1.33', '2.7.1.33', '2.7.1.33', '2.7.1.33', '2.7.1.33', '2.7.1.33', '2.7.1.33', '2.7.1.33', '2.7.1.33', '2.7.1.33', '2.7.1.33', '2.7.1.33', '2.7.1.33', '2.7.1.33', '2.7.1.33', '2.7.1.33', '2.7.1.33', '2.7.1.33', '2.7.1.33', '2.7.1.33', '2.7.1.33', '2.7.1.33', '2.7.1.33', '2.7.1.33', '2.7.1.33', '2.7.1.33', '2.7.1.33', '2.7.1.33', '2.7.1.33', '2.7.1.33', '2.7.1.33', '2.7.1.33', '2.7.1.33', '2.7.1.33', '2.7.1.33', '2.7.1.33', '2.7.1.33', '2.7.1.33', '2.7.1.33', '2.7.1.33', '2.7.1.33', '2.7.1.33', '2.7.1.33', '2.7.1.33', '2.7.1.33', '2.7.1.33', '2.7.1.33', '2.7.1.33', '2.7.1.33', '2.7.1.33', '2.7.1.33', '2.7.1.33', '2.7.1.33', '2.7.1.33', '2.7.1.33', '2.7.1.33', '2.7.1.33', '2.7.1.33', '2.7.1.33', '2.7.1.33', '2.7.1.33', '2.7.1.33', '2.7.1.33', '2.7.1.33', '2.7.1.33', '2.7.1.33', '2.7.1.33', '2.7.1.33', '2.7.1.33', '2.7.1.33', '2.7.1.33', '2.7.1.33', '2.7.1.33', '2.7.1.33', '2.7.1.33', '2.7.1.33', '2.7.1.33', '2.7.1.33', '2.7.1.33', '2.7.1.33', '2.7.1.33', '2.7.1.33', '2.7.1.33', '2.7.1.33', '2.7.1.33', '2.7.1.33', '2.7.1.33', '2.7.1.33', '2.7.1.33', '2.7.1.33', '2.7.1.33', '2.7.1.33', '2.7.1.33', '2.7.1.33', '2.7.1.33', '2.7.1.33', '2.7.1.33', '2.7.1.33', '2.7.1.33', '2.7.1.33', '2.7.1.33', '2.7.1.33', '2.7.1.33', '2.7.1.33', '2.7.1.33', '2.7.1.33', '2.7.1.33', '2.7.1.33', '2.7.1.33', '2.7.1.33', '2.7.1.33', '2.7.1.33', '2.7.1.33', '2.7.1.33', '2.7.1.33', '2.7.1.33', '2.7.1.33', '2.7.1.33', '2.7.1.33', '2.7.1.33', '2.7.1.33', '2.7.1.33', '2.7.1.33', '2.7.1.33', '2.7.1.33', '2.7.1.33', '2.7.1.33', '2.7.1.33', '2.7.1.33', '2.7.1.33', '2.7.1.33', '2.7.1.33', '2.7.1.33', '2.7.1.33', '2.7.1.33', '2.7.1.33', '2.7.1.33', '2.7.1.33', '2.7.1.33', '2.7.1.33', '2.7.1.33', '2.7.1.33', '2.7.1.33', '2.7.1.33', '2.7.1.33', '2.7.1.33', '2.7.1.33', '2.7.1.33', '2.7.1.33', '2.7.1.33', '2.7.1.33', '2.7.1.33', '2.7.1.33', '2.7.1.33', '2.7.1.33', '2.7.1.33', '2.7.1.33', '2.7.1.33', '2.7.1.33', '2.7.1.33', '2.7.1.33', '2.7.1.33', '2.7.1.33', '2.7.1.33', '2.7.1.33', '2.7.1.33', '2.7.1.33', '2.7.1.33', '2.7.1.33', '2.7.1.33', '2.7.1.33', '2.7.1.33', '2.7.1.33', '2.7.1.33', '2.7.1.33', '2.7.1.33', '2.7.1.33', '2.7.1.33', '2.7.1.33', '2.7.1.33', '2.7.1.33', '2.7.1.33', '2.7.1.33', '2.7.1.33', '2.7.1.33', '2.7.1.33', '2.7.1.33', '2.7.1.33', '2.7.1.33', '2.7.1.33', '2.7.1.33', '2.7.1.33', '2.7.1.33', '2.7.1.33', '2.7.1.33', '2.7.1.33', '2.7.1.33', '2.7.1.33', '2.7.1.33', '2.7.1.33', '2.7.1.33', '2.7.1.33', '2.7.1.33', '2.7.1.33', '2.7.1.33', '2.7.1.33', '2.7.1.33', '2.7.1.33', '2.7.1.33', '2.7.1.33', '2.7.1.33', '2.7.1.33', '2.7.1.33', '2.7.1.33', '2.7.1.33', '2.7.1.33', '2.7.1.33', '2.7.1.33', '2.7.1.33', '2.7.1.33', '2.7.1.33', '2.7.1.33', '2.7.1.33', '2.7.1.33', '2.7.1.33', '2.7.1.33', '2.7.1.33', '2.7.1.33', '2.7.1.33', '2.7.1.33', '2.7.1.33', '2.7.1.33', '2.7.1.33', '2.7.1.33', '2.7.1.33', '2.7.1.33', '2.7.1.33', '2.7.1.33', '2.7.1.33', '2.7.1.33']",,0.8197608226537705,543,,1.0,1.0
test-ec-onehot-uniref,ba63000,2.7.4.9,no-tax,train_common,900,0.9077777777777778,0.9055555555555556,815,1.0,815,3.9975460122699387,0.9987730061349693,814,272.4563584574934,,,,,0.9987730061349693,,0.6752171754601227,0.0343558282208589,0.5693251533742332,"['2.7.4.9', '2.7.4.9', '2.7.4.9', '2.7.4.9', '2.7.4.9', '2.7.4.9', '2.7.4.9', '2.7.4.9', '2.7.4.9', '2.7.4.9', '2.7.4.9', '2.7.4.9', '2.7.4.9', '2.7.4.9', '2.7.4.9', '2.7.4.9', '2.7.4.9', '2.7.4.9', '2.7.4.9', '2.7.4.9', '2.7.4.9', '2.7.4.9', '2.7.4.9', '2.7.4.9', '2.7.4.9', '2.7.4.9', '2.7.4.9', '2.7.4.9', '2.7.4.9', '2.7.4.9', '2.7.4.9', '2.7.4.9', '2.7.4.9', '2.7.4.9', '2.7.4.9', '2.7.4.9', '2.7.4.9', '2.7.4.9', '2.7.4.9', '2.7.4.9', '2.7.4.9', '2.7.4.9', '2.7.4.9', '2.7.4.9', '2.7.4.9', '2.7.4.9', '2.7.4.9', '2.7.4.9', '2.7.4.9', '2.7.4.9', '2.7.4.9', '2.7.4.9', '2.7.4.9', '2.7.4.9', '2.7.4.9', '2.7.4.9', '2.7.4.9', '2.7.4.9', '2.7.4.9', '2.7.4.9', '2.7.4.9', '2.7.4.9', '2.7.4.9', '2.7.4.9', '2.7.4.9', '2.7.4.9', '2.7.4.9', '2.7.4.9', '2.7.4.9', '2.7.4.9', '2.7.4.9', '2.7.4.9', '2.7.4.9', '2.7.4.9', '2.7.4.9', '2.7.4.9', '2.7.4.9', '2.7.4.9', '2.7.4.9', '2.7.4.9', '2.7.4.9', '2.7.4.9', '2.7.4.9', '2.7.4.9', '2.7.4.9', '2.7.4.9', '2.7.4.9', '2.7.4.9', '2.7.4.9', '2.7.4.9', '2.7.4.9', '2.7.4.9', '2.7.4.9', '2.7.4.9', '2.7.4.9', '2.7.4.9', '2.7.4.9', '2.7.4.9', '2.7.4.9', '2.7.4.9', '2.7.4.9', '2.7.4.9', '2.7.4.9', '2.7.4.9', '2.7.4.9', '2.7.4.9', '2.7.4.9', '2.7.4.9', '2.7.4.9', '2.7.4.9', '2.7.4.9', '2.7.4.9', '2.7.4.9', '2.7.4.9', '2.7.4.9', '2.7.4.9', '2.7.4.9', '2.7.4.9', '2.7.4.9', '2.7.4.9', '2.7.4.9', '2.7.4.9', '2.7.4.9', '2.7.4.9', '2.7.4.9', '2.7.4.9', '2.7.4.9', '2.7.4.9', '2.7.4.9', '2.7.4.9', '2.7.4.9', '2.7.4.9', '2.7.4.9', '2.7.4.9', '2.7.4.9', '2.7.4.9', '2.7.4.9', '2.7.4.9', '2.7.4.9', '2.7.4.9', '2.7.4.9', '2.7.4.9', '2.7.4.9', '2.7.4.9', '2.7.4.9', '2.7.4.9', '2.7.4.9', '2.7.4.9', '2.7.4.9', '2.7.4.9', '2.7.4.9', '2.7.4.9', '2.7.4.9', '2.7.4.9', '2.7.4.9', '2.7.4.9', '2.7.4.9', '2.7.4.9', '2.7.4.9', '2.7.4.9', '2.7.4.9', '2.7.4.9', '2.7.4.9', '2.7.4.9', '2.7.4.9', '2.7.4.9', '2.7.4.9', '2.7.4.9', '2.7.4.9', '2.7.4.9', '2.7.4.9', '2.7.4.9', '2.7.4.9', '2.7.4.9', '2.7.4.9', '2.7.4.9', '2.7.4.9', '2.7.4.9', '2.7.4.9', '2.7.4.9', '2.7.4.9', '2.7.4.9', '2.7.4.9', '2.7.4.9', '2.7.4.9', '2.7.4.9', '2.7.4.9', '2.7.4.9', '2.7.4.9', '2.7.4.9', '2.7.4.9', '2.7.4.9', '2.7.4.9', '2.7.4.9', '2.7.4.9', '2.7.4.9', '2.7.4.9', '2.7.4.9', '2.7.4.9', '2.7.4.9', '2.7.4.9', '2.7.4.9', '2.7.4.9', '2.7.4.9', '2.7.4.9', '2.7.4.9', '2.7.4.9', '2.7.4.9', '2.7.4.9', '2.7.4.9', '2.7.4.9', '2.7.4.9', '2.7.4.9', '2.7.4.9', '2.7.4.9', '2.7.4.9', '2.7.4.9', '2.7.4.9', '2.7.4.9', '2.7.4.9', '2.7.4.9', '2.7.4.9', '2.7.4.9', '2.7.4.9', '2.7.4.9', '2.7.4.9', '2.7.4.9', '2.7.4.9', '2.7.1.71', '2.7.4.9', '2.7.4.9', '2.7.4.9', '2.7.4.9', '2.7.4.9', '2.7.4.9', '2.7.4.9', '2.7.4.9', '2.7.4.9', '2.7.4.9', '2.7.4.9', '2.7.4.9', '2.7.4.9', '2.7.4.9', '2.7.4.9', '2.7.4.9', '2.7.4.9', '2.7.4.9', '2.7.4.9', '2.7.4.9', '2.7.4.9', '2.7.4.9', '2.7.4.9', '2.7.4.9', '2.7.4.9', '2.7.4.9', '2.7.4.9', '2.7.4.9', '2.7.4.9', '2.7.4.9', '2.7.4.9', '2.7.4.9', '2.7.4.9', '2.7.4.9', '2.7.4.9', '2.7.4.9', '2.7.4.9', '2.7.4.9', '2.7.4.9', '2.7.4.9', '2.7.4.9', '2.7.4.9', '2.7.4.9', '2.7.4.9', '2.7.4.9', '2.7.4.9', '2.7.4.9', '2.7.4.9', '2.7.4.9', '2.7.4.9', '2.7.4.9', '2.7.4.9', '2.7.4.9', '2.7.4.9', '2.7.4.9', '2.7.4.9', '2.7.4.9', '2.7.4.9', '2.7.4.9', '2.7.4.9', '2.7.4.9', '2.7.4.9', '2.7.4.9', '2.7.4.9', '2.7.4.9', '2.7.4.9', '2.7.4.9', '2.7.4.9', '2.7.4.9', '2.7.4.9', '2.7.4.9', '2.7.4.9', '2.7.4.9', '2.7.4.9', '2.7.4.9', '2.7.4.9', '2.7.4.9', '2.7.4.9', '2.7.4.9', '2.7.4.9', '2.7.4.9', '2.7.4.9', '2.7.4.9', '2.7.4.9', '2.7.4.9', '2.7.4.9', '2.7.4.9', '2.7.4.9', '2.7.4.9', '2.7.4.9', '2.7.4.9', '2.7.4.9', '2.7.4.9', '2.7.4.9', '2.7.4.9', '2.7.4.9', '2.7.4.9', '2.7.4.9', '2.7.4.9', '2.7.4.9', '2.7.4.9', '2.7.4.9', '2.7.4.9', '2.7.4.9', '2.7.4.9', '2.7.4.9', '2.7.4.9', '2.7.4.9', '2.7.4.9', '2.7.4.9', '2.7.4.9', '2.7.4.9', '2.7.4.9', '2.7.4.9', '2.7.4.9', '2.7.4.9', '2.7.4.9', '2.7.4.9', '2.7.4.9', '2.7.4.9', '2.7.4.9', '2.7.4.9', '2.7.4.9', '2.7.4.9', '2.7.4.9', '2.7.4.9', '2.7.4.9', '2.7.4.9', '2.7.4.9', '2.7.4.9', '2.7.4.9', '2.7.4.9', '2.7.4.9', '2.7.4.9', '2.7.4.9', '2.7.4.9', '2.7.4.9', '2.7.4.9', '2.7.4.9', '2.7.4.9', '2.7.4.9', '2.7.4.9', '2.7.4.9', '2.7.4.9', '2.7.4.9', '2.7.4.9', '2.7.4.9', '2.7.4.9', '2.7.4.9', '2.7.4.9', '2.7.4.9', '2.7.4.9', '2.7.4.9', '2.7.4.9', '2.7.4.9', '2.7.4.9', '2.7.4.9', '2.7.4.9', '2.7.4.9', '2.7.4.9', '2.7.4.9', '2.7.4.9', '2.7.4.9', '2.7.4.9', '2.7.4.9', '2.7.4.9', '2.7.4.9', '2.7.4.9', '2.7.4.9', '2.7.4.9', '2.7.4.9', '2.7.4.9', '2.7.4.9', '2.7.4.9', '2.7.4.9', '2.7.4.9', '2.7.4.9', '2.7.4.9', '2.7.4.9', '2.7.4.9', '2.7.4.9', '2.7.4.9', '2.7.4.9', '2.7.4.9', '2.7.4.9', '2.7.4.9', '2.7.4.9', '2.7.4.9', '2.7.4.9', '2.7.4.9', '2.7.4.9', '2.7.4.9', '2.7.4.9', '2.7.4.9', '2.7.4.9', '2.7.4.9', '2.7.4.9', '2.7.4.9', '2.7.4.9', '2.7.4.9', '2.7.4.9', '2.7.4.9', '2.7.4.9', '2.7.4.9', '2.7.4.9', '2.7.4.9', '2.7.4.9', '2.7.4.9', '2.7.4.9', '2.7.4.9', '2.7.4.9', '2.7.4.9', '2.7.4.9', '2.7.4.9', '2.7.4.9', '2.7.4.9', '2.7.4.9', '2.7.4.9', '2.7.4.9', '2.7.4.9', '2.7.4.9', '2.7.4.9', '2.7.4.9', '2.7.4.9', '2.7.4.9', '2.7.4.9', '2.7.4.9', '2.7.4.9', '2.7.4.9', '2.7.4.9', '2.7.4.9', '2.7.4.9', '2.7.4.9', '2.7.4.9', '2.7.4.9', '2.7.4.9', '2.7.4.9', '2.7.4.9', '2.7.4.9', '2.7.4.9', '2.7.4.9', '2.7.4.9', '2.7.4.9', '2.7.4.9', '2.7.4.9', '2.7.4.9', '2.7.4.9', '2.7.4.9', '2.7.4.9', '2.7.4.9', '2.7.4.9', '2.7.4.9', '2.7.4.9', '2.7.4.9', '2.7.4.9', '2.7.4.9', '2.7.4.9', '2.7.4.9', '2.7.4.9', '2.7.4.9', '2.7.4.9', '2.7.4.9', '2.7.4.9', '2.7.4.9', '2.7.4.9', '2.7.4.9', '2.7.4.9', '2.7.4.9', '2.7.4.9', '2.7.4.9', '2.7.4.9', '2.7.4.9', '2.7.4.9', '2.7.4.9', '2.7.4.9', '2.7.4.9', '2.7.4.9', '2.7.4.9', '2.7.4.9', '2.7.4.9', '2.7.4.9', '2.7.4.9', '2.7.4.9', '2.7.4.9', '2.7.4.9', '2.7.4.9', '2.7.4.9', '2.7.4.9', '2.7.4.9', '2.7.4.9', '2.7.4.9', '2.7.4.9', '2.7.4.9', '2.7.4.9', '2.7.4.9', '2.7.4.9', '2.7.4.9', '2.7.4.9', '2.7.4.9', '2.7.4.9', '2.7.4.9', '2.7.4.9', '2.7.4.9', '2.7.4.9', '2.7.4.9', '2.7.4.9', '2.7.4.9', '2.7.4.9', '2.7.4.9', '2.7.4.9', '2.7.4.9', '2.7.4.9', '2.7.4.9', '2.7.4.9', '2.7.4.9', '2.7.4.9', '2.7.4.9', '2.7.4.9', '2.7.4.9', '2.7.4.9', '2.7.4.9', '2.7.4.9', '2.7.4.9', '2.7.4.9', '2.7.4.9', '2.7.4.9', '2.7.4.9', '2.7.4.9', '2.7.4.9', '2.7.4.9', '2.7.4.9', '2.7.4.9', '2.7.4.9', '2.7.4.9', '2.7.4.9', '2.7.4.9', '2.7.4.9', '2.7.4.9', '2.7.4.9', '2.7.4.9', '2.7.4.9', '2.7.4.9', '2.7.4.9', '2.7.4.9', '2.7.4.9', '2.7.4.9', '2.7.4.9', '2.7.4.9', '2.7.4.9', '2.7.4.9', '2.7.4.9', '2.7.4.9', '2.7.4.9', '2.7.4.9', '2.7.4.9', '2.7.4.9', '2.7.4.9', '2.7.4.9', '2.7.4.9', '2.7.4.9', '2.7.4.9', '2.7.4.9', '2.7.4.9', '2.7.4.9', '2.7.4.9', '2.7.4.9', '2.7.4.9', '2.7.4.9', '2.7.4.9', '2.7.4.9', '2.7.4.9', '2.7.4.9', '2.7.4.9', '2.7.4.9', '2.7.4.9', '2.7.4.9', '2.7.4.9', '2.7.4.9', '2.7.4.9', '2.7.4.9', '2.7.4.9', '2.7.4.9', '2.7.4.9', '2.7.4.9', '2.7.4.9', '2.7.4.9', '2.7.4.9', '2.7.4.9', '2.7.4.9', '2.7.4.9', '2.7.4.9', '2.7.4.9', '2.7.4.9', '2.7.4.9', '2.7.4.9', '2.7.4.9', '2.7.4.9', '2.7.4.9', '2.7.4.9', '2.7.4.9', '2.7.4.9', '2.7.4.9', '2.7.4.9', '2.7.4.9', '2.7.4.9', '2.7.4.9', '2.7.4.9', '2.7.4.9', '2.7.4.9', '2.7.4.9', '2.7.4.9', '2.7.4.9', '2.7.4.9', '2.7.4.9', '2.7.4.9', '2.7.4.9', '2.7.4.9', '2.7.4.9', '2.7.4.9', '2.7.4.9', '2.7.4.9', '2.7.4.9', '2.7.4.9', '2.7.4.9', '2.7.4.9', '2.7.4.9', '2.7.4.9', '2.7.4.9', '2.7.4.9', '2.7.4.9', '2.7.4.9', '2.7.4.9', '2.7.4.9', '2.7.4.9', '2.7.4.9', '2.7.4.9', '2.7.4.9', '2.7.4.9', '2.7.4.9', '2.7.4.9', '2.7.4.9', '2.7.4.9', '2.7.4.9', '2.7.4.9', '2.7.4.9', '2.7.4.9', '2.7.4.9', '2.7.4.9', '2.7.4.9', '2.7.4.9', '2.7.4.9', '2.7.4.9', '2.7.4.9', '2.7.4.9', '2.7.4.9', '2.7.4.9', '2.7.4.9', '2.7.4.9', '2.7.4.9', '2.7.4.9', '2.7.4.9', '2.7.4.9', '2.7.4.9', '2.7.4.9', '2.7.4.9', '2.7.4.9', '2.7.4.9', '2.7.4.9', '2.7.4.9', '2.7.4.9', '2.7.4.9', '2.7.4.9', '2.7.4.9', '2.7.4.9', '2.7.4.9', '2.7.4.9', '2.7.4.9', '2.7.4.9', '2.7.4.9', '2.7.4.9', '2.7.4.9', '2.7.4.9', '2.7.4.9', '2.7.4.9', '2.7.4.9', '2.7.4.9', '2.7.4.9', '2.7.4.9', '2.7.4.9', '2.7.4.9', '2.7.4.9', '2.7.4.9', '2.7.4.9', '2.7.4.9', '2.7.4.9', '2.7.4.9', '2.7.4.9', '2.7.4.9', '2.7.4.9', '2.7.4.9', '2.7.4.9', '2.7.4.9', '2.7.4.9', '2.7.4.9', '2.7.4.9', '2.7.4.9', '2.7.4.9', '2.7.4.9', '2.7.4.9', '2.7.4.9', '2.7.4.9', '2.7.4.9', '2.7.4.9', '2.7.4.9', '2.7.4.9', '2.7.4.9', '2.7.4.9', '2.7.4.9', '2.7.4.9', '2.7.4.9', '2.7.4.9', '2.7.4.9', '2.7.4.9', '2.7.4.9', '2.7.4.9', '2.7.4.9', '2.7.4.9', '2.7.4.9', '2.7.4.9', '2.7.4.9', '2.7.4.9', '2.7.4.9', '2.7.4.9', '2.7.4.9', '2.7.4.9', '2.7.4.9', '2.7.4.9', '2.7.4.9', '2.7.4.9', '2.7.4.9', '2.7.4.9', '2.7.4.9', '2.7.4.9', '2.7.4.9', '2.7.4.9', '2.7.4.9', '2.7.4.9', '2.7.4.9', '2.7.4.9', '2.7.4.9', '2.7.4.9', '2.7.4.9', '2.7.4.9', '2.7.4.9', '2.7.4.9', '2.7.4.9', '2.7.4.9', '2.7.4.9', '2.7.4.9', '2.7.4.9', '2.7.4.9', '2.7.4.9', '2.7.4.9', '2.7.4.9', '2.7.4.9', '2.7.4.9', '2.7.4.9', '2.7.4.9', '2.7.4.9', '2.7.4.9', '2.7.4.9', '2.7.4.9', '2.7.4.9', '2.7.4.9', '2.7.4.9', '2.7.4.9', '2.7.4.9', '2.7.4.9', '2.7.4.9', '2.7.4.9', '2.7.4.9', '2.7.4.9', '2.7.4.9', '2.7.4.9', '2.7.4.9', '2.7.4.9']",,0.837547379732132,560,,1.0000001192092896,1.0000001192092896
